{"offset": 4514400.0, "qubo_matrix": [[-376200.0, 1134.0, 5130.0, 4428.0, 3024.0, 2214.0, 324.0, 1350.0, 540.0, 216.0, 3402.0, 324.0, 3570.0, 16150.0, 13940.0, 9520.0, 6970.0, 1020.0, 4250.0, 1700.0, 680.0, 10710.0, 1020.0, 84.0, 380.0, 328.0, 224.0, 164.0, 24.0, 100.0, 40.0, 16.0, 252.0, 24.0, 42.0, 190.0, 164.0, 112.0, 82.0, 12.0, 50.0, 20.0, 8.0, 126.0, 12.0, 630.0, 2850.0, 2460.0, 1680.0, 1230.0, 180.0, 750.0, 300.0, 120.0, 1890.0, 180.0, 462.0, 2090.0, 1804.0, 1232.0, 902.0, 132.0, 550.0, 220.0, 88.0, 1386.0, 132.0, 1470.0, 6650.0, 5740.0, 3920.0, 2870.0, 420.0, 1750.0, 700.0, 280.0, 4410.0, 420.0, 462.0, 2090.0, 1804.0, 1232.0, 902.0, 132.0, 550.0, 220.0, 88.0, 1386.0, 132.0, 840.0, 3800.0, 3280.0, 2240.0, 1640.0, 240.0, 1000.0, 400.0, 160.0, 2520.0, 240.0, 882.0, 3990.0, 3444.0, 2352.0, 1722.0, 252.0, 1050.0, 420.0, 168.0, 2646.0, 252.0, 2562.0, 11590.0, 10004.0, 6832.0, 5002.0, 732.0, 3050.0, 1220.0, 488.0, 7686.0, 732.0, 376200.0, 376200.0, 376200.0, 376200.0, 376200.0, 376200.0, 376200.0, 376200.0, 376200.0, 376200.0, 376200.0, 376200.0, 376200.0, 376200.0, 376200.0, 376200.0, 376200.0, 376200.0, 376200.0, 376200.0, 376200.0, 376200.0], [0, -376200.0, 376200.0, 376200.0, 376200.0, 376200.0, 376200.0, 376200.0, 376200.0, 376200.0, 376200.0, 376200.0, 376200.0, 7040.0, 6400.0, 12000.0, 12640.0, 0, 14240.0, 5600.0, 1440.0, 160.0, 13600.0, 376200.0, 5104.0, 4640.0, 8700.0, 9164.0, 0, 10324.0, 4060.0, 1044.0, 116.0, 9860.0, 376200.0, 1848.0, 1680.0, 3150.0, 3318.0, 0, 3738.0, 1470.0, 378.0, 42.0, 3570.0, 376200.0, 6688.0, 6080.0, 11400.0, 12008.0, 0, 13528.0, 5320.0, 1368.0, 152.0, 12920.0, 376200.0, 6336.0, 5760.0, 10800.0, 11376.0, 0, 12816.0, 5040.0, 1296.0, 144.0, 12240.0, 376200.0, 3872.0, 3520.0, 6600.0, 6952.0, 0, 7832.0, 3080.0, 792.0, 88.0, 7480.0, 376200.0, 7480.0, 6800.0, 12750.0, 13430.0, 0, 15130.0, 5950.0, 1530.0, 170.0, 14450.0, 376200.0, 8272.0, 7520.0, 14100.0, 14852.0, 0, 16732.0, 6580.0, 1692.0, 188.0, 15980.0, 376200.0, 7920.0, 7200.0, 13500.0, 14220.0, 0, 16020.0, 6300.0, 1620.0, 180.0, 15300.0, 376200.0, 4488.0, 4080.0, 7650.0, 8058.0, 0, 9078.0, 3570.0, 918.0, 102.0, 8670.0, 3360.0, 2436.0, 882.0, 3192.0, 3024.0, 1848.0, 3570.0, 3948.0, 3780.0, 2142.0, 2376.0, 2160.0, 4050.0, 4266.0, 4806.0, 1890.0, 486.0, 54.0, 4590.0, 376200.0, 0, 376200.0], [0, 0, -376200.0, 376200.0, 376200.0, 376200.0, 376200.0, 376200.0, 376200.0, 376200.0, 376200.0, 376200.0, 7040.0, 376200.0, 13440.0, 1920.0, 0, 4160.0, 14560.0, 1760.0, 5600.0, 13120.0, 4160.0, 5104.0, 376200.0, 9744.0, 1392.0, 0, 3016.0, 10556.0, 1276.0, 4060.0, 9512.0, 3016.0, 1848.0, 376200.0, 3528.0, 504.0, 0, 1092.0, 3822.0, 462.0, 1470.0, 3444.0, 1092.0, 6688.0, 376200.0, 12768.0, 1824.0, 0, 3952.0, 13832.0, 1672.0, 5320.0, 12464.0, 3952.0, 6336.0, 376200.0, 12096.0, 1728.0, 0, 3744.0, 13104.0, 1584.0, 5040.0, 11808.0, 3744.0, 3872.0, 376200.0, 7392.0, 1056.0, 0, 2288.0, 8008.0, 968.0, 3080.0, 7216.0, 2288.0, 7480.0, 376200.0, 14280.0, 2040.0, 0, 4420.0, 15470.0, 1870.0, 5950.0, 13940.0, 4420.0, 8272.0, 376200.0, 15792.0, 2256.0, 0, 4888.0, 17108.0, 2068.0, 6580.0, 15416.0, 4888.0, 7920.0, 376200.0, 15120.0, 2160.0, 0, 4680.0, 16380.0, 1980.0, 6300.0, 14760.0, 4680.0, 4488.0, 376200.0, 8568.0, 1224.0, 0, 2652.0, 9282.0, 1122.0, 3570.0, 8364.0, 2652.0, 15200.0, 11020.0, 3990.0, 14440.0, 13680.0, 8360.0, 16150.0, 17860.0, 17100.0, 9690.0, 376200.0, 4536.0, 648.0, 0, 4914.0, 594.0, 1890.0, 4428.0, 1404.0, 2376.0, 1404.0, 376200.0], [0, 0, 0, -376200.0, 376200.0, 376200.0, 376200.0, 376200.0, 376200.0, 376200.0, 376200.0, 376200.0, 6400.0, 13440.0, 376200.0, 11040.0, 8960.0, 13760.0, 7200.0, 14560.0, 9440.0, 2880.0, 12160.0, 4640.0, 9744.0, 376200.0, 8004.0, 6496.0, 9976.0, 5220.0, 10556.0, 6844.0, 2088.0, 8816.0, 1680.0, 3528.0, 376200.0, 2898.0, 2352.0, 3612.0, 1890.0, 3822.0, 2478.0, 756.0, 3192.0, 6080.0, 12768.0, 376200.0, 10488.0, 8512.0, 13072.0, 6840.0, 13832.0, 8968.0, 2736.0, 11552.0, 5760.0, 12096.0, 376200.0, 9936.0, 8064.0, 12384.0, 6480.0, 13104.0, 8496.0, 2592.0, 10944.0, 3520.0, 7392.0, 376200.0, 6072.0, 4928.0, 7568.0, 3960.0, 8008.0, 5192.0, 1584.0, 6688.0, 6800.0, 14280.0, 376200.0, 11730.0, 9520.0, 14620.0, 7650.0, 15470.0, 10030.0, 3060.0, 12920.0, 7520.0, 15792.0, 376200.0, 12972.0, 10528.0, 16168.0, 8460.0, 17108.0, 11092.0, 3384.0, 14288.0, 7200.0, 15120.0, 376200.0, 12420.0, 10080.0, 15480.0, 8100.0, 16380.0, 10620.0, 3240.0, 13680.0, 4080.0, 8568.0, 376200.0, 7038.0, 5712.0, 8772.0, 4590.0, 9282.0, 6018.0, 1836.0, 7752.0, 13120.0, 9512.0, 3444.0, 12464.0, 11808.0, 7216.0, 13940.0, 15416.0, 14760.0, 8364.0, 4536.0, 376200.0, 3726.0, 3024.0, 2430.0, 4914.0, 3186.0, 972.0, 4104.0, 2160.0, 4644.0, 376200.0], [0, 0, 0, 0, -376200.0, 376200.0, 376200.0, 376200.0, 376200.0, 376200.0, 376200.0, 376200.0, 12000.0, 1920.0, 11040.0, 376200.0, 6240.0, 2880.0, 9120.0, 5760.0, 9760.0, 5760.0, 3360.0, 8700.0, 1392.0, 8004.0, 376200.0, 4524.0, 2088.0, 6612.0, 4176.0, 7076.0, 4176.0, 2436.0, 3150.0, 504.0, 2898.0, 376200.0, 1638.0, 756.0, 2394.0, 1512.0, 2562.0, 1512.0, 882.0, 11400.0, 1824.0, 10488.0, 376200.0, 5928.0, 2736.0, 8664.0, 5472.0, 9272.0, 5472.0, 3192.0, 10800.0, 1728.0, 9936.0, 376200.0, 5616.0, 2592.0, 8208.0, 5184.0, 8784.0, 5184.0, 3024.0, 6600.0, 1056.0, 6072.0, 376200.0, 3432.0, 1584.0, 5016.0, 3168.0, 5368.0, 3168.0, 1848.0, 12750.0, 2040.0, 11730.0, 376200.0, 6630.0, 3060.0, 9690.0, 6120.0, 10370.0, 6120.0, 3570.0, 14100.0, 2256.0, 12972.0, 376200.0, 7332.0, 3384.0, 10716.0, 6768.0, 11468.0, 6768.0, 3948.0, 13500.0, 2160.0, 12420.0, 376200.0, 7020.0, 3240.0, 10260.0, 6480.0, 10980.0, 6480.0, 3780.0, 7650.0, 1224.0, 7038.0, 376200.0, 3978.0, 1836.0, 5814.0, 3672.0, 6222.0, 3672.0, 2142.0, 8960.0, 6496.0, 2352.0, 8512.0, 8064.0, 4928.0, 9520.0, 10528.0, 10080.0, 5712.0, 648.0, 3726.0, 376200.0, 2106.0, 3078.0, 1944.0, 3294.0, 1944.0, 1134.0, 4050.0, 972.0, 376200.0], [0, 0, 0, 0, 0, -376200.0, 376200.0, 376200.0, 376200.0, 376200.0, 376200.0, 376200.0, 12640.0, 0, 8960.0, 6240.0, 376200.0, 11360.0, 1760.0, 4640.0, 13120.0, 13120.0, 960.0, 9164.0, 0, 6496.0, 4524.0, 376200.0, 8236.0, 1276.0, 3364.0, 9512.0, 9512.0, 696.0, 3318.0, 0, 2352.0, 1638.0, 376200.0, 2982.0, 462.0, 1218.0, 3444.0, 3444.0, 252.0, 12008.0, 0, 8512.0, 5928.0, 376200.0, 10792.0, 1672.0, 4408.0, 12464.0, 12464.0, 912.0, 11376.0, 0, 8064.0, 5616.0, 376200.0, 10224.0, 1584.0, 4176.0, 11808.0, 11808.0, 864.0, 6952.0, 0, 4928.0, 3432.0, 376200.0, 6248.0, 968.0, 2552.0, 7216.0, 7216.0, 528.0, 13430.0, 0, 9520.0, 6630.0, 376200.0, 12070.0, 1870.0, 4930.0, 13940.0, 13940.0, 1020.0, 14852.0, 0, 10528.0, 7332.0, 376200.0, 13348.0, 2068.0, 5452.0, 15416.0, 15416.0, 1128.0, 14220.0, 0, 10080.0, 7020.0, 376200.0, 12780.0, 1980.0, 5220.0, 14760.0, 14760.0, 1080.0, 8058.0, 0, 5712.0, 3978.0, 376200.0, 7242.0, 1122.0, 2958.0, 8364.0, 8364.0, 612.0, 6560.0, 4756.0, 1722.0, 6232.0, 5904.0, 3608.0, 6970.0, 7708.0, 7380.0, 4182.0, 0, 3024.0, 2106.0, 376200.0, 594.0, 1566.0, 4428.0, 4428.0, 324.0, 4266.0, 3834.0, 376200.0], [0, 0, 0, 0, 0, 0, -376200.0, 376200.0, 376200.0, 376200.0, 376200.0, 376200.0, 0, 4160.0, 13760.0, 2880.0, 11360.0, 376200.0, 11360.0, 1280.0, 12320.0, 11840.0, 4800.0, 0, 3016.0, 9976.0, 2088.0, 8236.0, 376200.0, 8236.0, 928.0, 8932.0, 8584.0, 3480.0, 0, 1092.0, 3612.0, 756.0, 2982.0, 376200.0, 2982.0, 336.0, 3234.0, 3108.0, 1260.0, 0, 3952.0, 13072.0, 2736.0, 10792.0, 376200.0, 10792.0, 1216.0, 11704.0, 11248.0, 4560.0, 0, 3744.0, 12384.0, 2592.0, 10224.0, 376200.0, 10224.0, 1152.0, 11088.0, 10656.0, 4320.0, 0, 2288.0, 7568.0, 1584.0, 6248.0, 376200.0, 6248.0, 704.0, 6776.0, 6512.0, 2640.0, 0, 4420.0, 14620.0, 3060.0, 12070.0, 376200.0, 12070.0, 1360.0, 13090.0, 12580.0, 5100.0, 0, 4888.0, 16168.0, 3384.0, 13348.0, 376200.0, 13348.0, 1504.0, 14476.0, 13912.0, 5640.0, 0, 4680.0, 15480.0, 3240.0, 12780.0, 376200.0, 12780.0, 1440.0, 13860.0, 13320.0, 5400.0, 0, 2652.0, 8772.0, 1836.0, 7242.0, 376200.0, 7242.0, 816.0, 7854.0, 7548.0, 3060.0, 960.0, 696.0, 252.0, 912.0, 864.0, 528.0, 1020.0, 1128.0, 1080.0, 612.0, 1404.0, 4644.0, 972.0, 3834.0, 3834.0, 432.0, 4158.0, 3996.0, 1620.0, 0, 376200.0, 376200.0], [0, 0, 0, 0, 0, 0, 0, -376200.0, 376200.0, 376200.0, 376200.0, 376200.0, 14240.0, 14560.0, 7200.0, 9120.0, 1760.0, 11360.0, 376200.0, 14240.0, 12160.0, 12160.0, 6400.0, 10324.0, 10556.0, 5220.0, 6612.0, 1276.0, 8236.0, 376200.0, 10324.0, 8816.0, 8816.0, 4640.0, 3738.0, 3822.0, 1890.0, 2394.0, 462.0, 2982.0, 376200.0, 3738.0, 3192.0, 3192.0, 1680.0, 13528.0, 13832.0, 6840.0, 8664.0, 1672.0, 10792.0, 376200.0, 13528.0, 11552.0, 11552.0, 6080.0, 12816.0, 13104.0, 6480.0, 8208.0, 1584.0, 10224.0, 376200.0, 12816.0, 10944.0, 10944.0, 5760.0, 7832.0, 8008.0, 3960.0, 5016.0, 968.0, 6248.0, 376200.0, 7832.0, 6688.0, 6688.0, 3520.0, 15130.0, 15470.0, 7650.0, 9690.0, 1870.0, 12070.0, 376200.0, 15130.0, 12920.0, 12920.0, 6800.0, 16732.0, 17108.0, 8460.0, 10716.0, 2068.0, 13348.0, 376200.0, 16732.0, 14288.0, 14288.0, 7520.0, 16020.0, 16380.0, 8100.0, 10260.0, 1980.0, 12780.0, 376200.0, 16020.0, 13680.0, 13680.0, 7200.0, 9078.0, 9282.0, 4590.0, 5814.0, 1122.0, 7242.0, 376200.0, 9078.0, 7752.0, 7752.0, 4080.0, 4000.0, 2900.0, 1050.0, 3800.0, 3600.0, 2200.0, 4250.0, 4700.0, 4500.0, 2550.0, 4914.0, 2430.0, 3078.0, 594.0, 376200.0, 4806.0, 4104.0, 4104.0, 2160.0, 4806.0, 3834.0, 376200.0], [0, 0, 0, 0, 0, 0, 0, 0, -376200.0, 376200.0, 376200.0, 376200.0, 5600.0, 1760.0, 14560.0, 5760.0, 4640.0, 1280.0, 14240.0, 376200.0, 14880.0, 8960.0, 160.0, 4060.0, 1276.0, 10556.0, 4176.0, 3364.0, 928.0, 10324.0, 376200.0, 10788.0, 6496.0, 116.0, 1470.0, 462.0, 3822.0, 1512.0, 1218.0, 336.0, 3738.0, 376200.0, 3906.0, 2352.0, 42.0, 5320.0, 1672.0, 13832.0, 5472.0, 4408.0, 1216.0, 13528.0, 376200.0, 14136.0, 8512.0, 152.0, 5040.0, 1584.0, 13104.0, 5184.0, 4176.0, 1152.0, 12816.0, 376200.0, 13392.0, 8064.0, 144.0, 3080.0, 968.0, 8008.0, 3168.0, 2552.0, 704.0, 7832.0, 376200.0, 8184.0, 4928.0, 88.0, 5950.0, 1870.0, 15470.0, 6120.0, 4930.0, 1360.0, 15130.0, 376200.0, 15810.0, 9520.0, 170.0, 6580.0, 2068.0, 17108.0, 6768.0, 5452.0, 1504.0, 16732.0, 376200.0, 17484.0, 10528.0, 188.0, 6300.0, 1980.0, 16380.0, 6480.0, 5220.0, 1440.0, 16020.0, 376200.0, 16740.0, 10080.0, 180.0, 3570.0, 1122.0, 9282.0, 3672.0, 2958.0, 816.0, 9078.0, 376200.0, 9486.0, 5712.0, 102.0, 1600.0, 1160.0, 420.0, 1520.0, 1440.0, 880.0, 1700.0, 1880.0, 1800.0, 1020.0, 594.0, 4914.0, 1944.0, 1566.0, 4806.0, 376200.0, 5022.0, 3024.0, 54.0, 1890.0, 432.0, 376200.0], [0, 0, 0, 0, 0, 0, 0, 0, 0, -376200.0, 376200.0, 376200.0, 1440.0, 5600.0, 9440.0, 9760.0, 13120.0, 12320.0, 12160.0, 14880.0, 376200.0, 8000.0, 640.0, 1044.0, 4060.0, 6844.0, 7076.0, 9512.0, 8932.0, 8816.0, 10788.0, 376200.0, 5800.0, 464.0, 378.0, 1470.0, 2478.0, 2562.0, 3444.0, 3234.0, 3192.0, 3906.0, 376200.0, 2100.0, 168.0, 1368.0, 5320.0, 8968.0, 9272.0, 12464.0, 11704.0, 11552.0, 14136.0, 376200.0, 7600.0, 608.0, 1296.0, 5040.0, 8496.0, 8784.0, 11808.0, 11088.0, 10944.0, 13392.0, 376200.0, 7200.0, 576.0, 792.0, 3080.0, 5192.0, 5368.0, 7216.0, 6776.0, 6688.0, 8184.0, 376200.0, 4400.0, 352.0, 1530.0, 5950.0, 10030.0, 10370.0, 13940.0, 13090.0, 12920.0, 15810.0, 376200.0, 8500.0, 680.0, 1692.0, 6580.0, 11092.0, 11468.0, 15416.0, 14476.0, 14288.0, 17484.0, 376200.0, 9400.0, 752.0, 1620.0, 6300.0, 10620.0, 10980.0, 14760.0, 13860.0, 13680.0, 16740.0, 376200.0, 9000.0, 720.0, 918.0, 3570.0, 6018.0, 6222.0, 8364.0, 7854.0, 7752.0, 9486.0, 376200.0, 5100.0, 408.0, 640.0, 464.0, 168.0, 608.0, 576.0, 352.0, 680.0, 752.0, 720.0, 408.0, 1890.0, 3186.0, 3294.0, 4428.0, 4104.0, 5022.0, 376200.0, 2700.0, 216.0, 486.0, 4158.0, 376200.0], [0, 0, 0, 0, 0, 0, 0, 0, 0, 0, -376200.0, 376200.0, 160.0, 13120.0, 2880.0, 5760.0, 13120.0, 11840.0, 12160.0, 8960.0, 8000.0, 376200.0, 5760.0, 116.0, 9512.0, 2088.0, 4176.0, 9512.0, 8584.0, 8816.0, 6496.0, 5800.0, 376200.0, 4176.0, 42.0, 3444.0, 756.0, 1512.0, 3444.0, 3108.0, 3192.0, 2352.0, 2100.0, 376200.0, 1512.0, 152.0, 12464.0, 2736.0, 5472.0, 12464.0, 11248.0, 11552.0, 8512.0, 7600.0, 376200.0, 5472.0, 144.0, 11808.0, 2592.0, 5184.0, 11808.0, 10656.0, 10944.0, 8064.0, 7200.0, 376200.0, 5184.0, 88.0, 7216.0, 1584.0, 3168.0, 7216.0, 6512.0, 6688.0, 4928.0, 4400.0, 376200.0, 3168.0, 170.0, 13940.0, 3060.0, 6120.0, 13940.0, 12580.0, 12920.0, 9520.0, 8500.0, 376200.0, 6120.0, 188.0, 15416.0, 3384.0, 6768.0, 15416.0, 13912.0, 14288.0, 10528.0, 9400.0, 376200.0, 6768.0, 180.0, 14760.0, 3240.0, 6480.0, 14760.0, 13320.0, 13680.0, 10080.0, 9000.0, 376200.0, 6480.0, 102.0, 8364.0, 1836.0, 3672.0, 8364.0, 7548.0, 7752.0, 5712.0, 5100.0, 376200.0, 3672.0, 10080.0, 7308.0, 2646.0, 9576.0, 9072.0, 5544.0, 10710.0, 11844.0, 11340.0, 6426.0, 4428.0, 972.0, 1944.0, 4428.0, 4104.0, 3024.0, 2700.0, 376200.0, 1944.0, 54.0, 3996.0, 376200.0], [0, 0, 0, 0, 0, 0, 0, 0, 0, 0, 0, -376200.0, 13600.0, 4160.0, 12160.0, 3360.0, 960.0, 4800.0, 6400.0, 160.0, 640.0, 5760.0, 376200.0, 9860.0, 3016.0, 8816.0, 2436.0, 696.0, 3480.0, 4640.0, 116.0, 464.0, 4176.0, 376200.0, 3570.0, 1092.0, 3192.0, 882.0, 252.0, 1260.0, 1680.0, 42.0, 168.0, 1512.0, 376200.0, 12920.0, 3952.0, 11552.0, 3192.0, 912.0, 4560.0, 6080.0, 152.0, 608.0, 5472.0, 376200.0, 12240.0, 3744.0, 10944.0, 3024.0, 864.0, 4320.0, 5760.0, 144.0, 576.0, 5184.0, 376200.0, 7480.0, 2288.0, 6688.0, 1848.0, 528.0, 2640.0, 3520.0, 88.0, 352.0, 3168.0, 376200.0, 14450.0, 4420.0, 12920.0, 3570.0, 1020.0, 5100.0, 6800.0, 170.0, 680.0, 6120.0, 376200.0, 15980.0, 4888.0, 14288.0, 3948.0, 1128.0, 5640.0, 7520.0, 188.0, 752.0, 6768.0, 376200.0, 15300.0, 4680.0, 13680.0, 3780.0, 1080.0, 5400.0, 7200.0, 180.0, 720.0, 6480.0, 376200.0, 8670.0, 2652.0, 7752.0, 2142.0, 612.0, 3060.0, 4080.0, 102.0, 408.0, 3672.0, 376200.0, 960.0, 696.0, 252.0, 912.0, 864.0, 528.0, 1020.0, 1128.0, 1080.0, 612.0, 1404.0, 4104.0, 1134.0, 324.0, 2160.0, 54.0, 216.0, 1944.0, 376200.0, 4590.0, 1620.0, 376200.0], [0, 0, 0, 0, 0, 0, 0, 0, 0, 0, 0, 0, -376200.0, 376200.0, 376200.0, 376200.0, 376200.0, 376200.0, 376200.0, 376200.0, 376200.0, 376200.0, 376200.0, 376200.0, 264.0, 240.0, 450.0, 474.0, 0, 534.0, 210.0, 54.0, 6.0, 510.0, 376200.0, 4224.0, 3840.0, 7200.0, 7584.0, 0, 8544.0, 3360.0, 864.0, 96.0, 8160.0, 376200.0, 2552.0, 2320.0, 4350.0, 4582.0, 0, 5162.0, 2030.0, 522.0, 58.0, 4930.0, 376200.0, 7920.0, 7200.0, 13500.0, 14220.0, 0, 16020.0, 6300.0, 1620.0, 180.0, 15300.0, 376200.0, 5808.0, 5280.0, 9900.0, 10428.0, 0, 11748.0, 4620.0, 1188.0, 132.0, 11220.0, 376200.0, 3608.0, 3280.0, 6150.0, 6478.0, 0, 7298.0, 2870.0, 738.0, 82.0, 6970.0, 376200.0, 1320.0, 1200.0, 2250.0, 2370.0, 0, 2670.0, 1050.0, 270.0, 30.0, 2550.0, 376200.0, 7304.0, 6640.0, 12450.0, 13114.0, 0, 14774.0, 5810.0, 1494.0, 166.0, 14110.0, 376200.0, 8448.0, 7680.0, 14400.0, 15168.0, 0, 17088.0, 6720.0, 1728.0, 192.0, 16320.0, 376200.0, 126.0, 2016.0, 1218.0, 3780.0, 2772.0, 1722.0, 630.0, 3486.0, 4032.0, 7480.0, 6800.0, 12750.0, 13430.0, 15130.0, 5950.0, 1530.0, 170.0, 14450.0, 376200.0, 0, 3360.0], [0, 0, 0, 0, 0, 0, 0, 0, 0, 0, 0, 0, 0, -376200.0, 376200.0, 376200.0, 376200.0, 376200.0, 376200.0, 376200.0, 376200.0, 376200.0, 376200.0, 264.0, 376200.0, 504.0, 72.0, 0, 156.0, 546.0, 66.0, 210.0, 492.0, 156.0, 4224.0, 376200.0, 8064.0, 1152.0, 0, 2496.0, 8736.0, 1056.0, 3360.0, 7872.0, 2496.0, 2552.0, 376200.0, 4872.0, 696.0, 0, 1508.0, 5278.0, 638.0, 2030.0, 4756.0, 1508.0, 7920.0, 376200.0, 15120.0, 2160.0, 0, 4680.0, 16380.0, 1980.0, 6300.0, 14760.0, 4680.0, 5808.0, 376200.0, 11088.0, 1584.0, 0, 3432.0, 12012.0, 1452.0, 4620.0, 10824.0, 3432.0, 3608.0, 376200.0, 6888.0, 984.0, 0, 2132.0, 7462.0, 902.0, 2870.0, 6724.0, 2132.0, 1320.0, 376200.0, 2520.0, 360.0, 0, 780.0, 2730.0, 330.0, 1050.0, 2460.0, 780.0, 7304.0, 376200.0, 13944.0, 1992.0, 0, 4316.0, 15106.0, 1826.0, 5810.0, 13612.0, 4316.0, 8448.0, 376200.0, 16128.0, 2304.0, 0, 4992.0, 17472.0, 2112.0, 6720.0, 15744.0, 4992.0, 376200.0, 570.0, 9120.0, 5510.0, 17100.0, 12540.0, 7790.0, 2850.0, 15770.0, 18240.0, 376200.0, 14280.0, 2040.0, 0, 15470.0, 1870.0, 5950.0, 13940.0, 4420.0, 7480.0, 4420.0, 15200.0], [0, 0, 0, 0, 0, 0, 0, 0, 0, 0, 0, 0, 0, 0, -376200.0, 376200.0, 376200.0, 376200.0, 376200.0, 376200.0, 376200.0, 376200.0, 376200.0, 240.0, 504.0, 376200.0, 414.0, 336.0, 516.0, 270.0, 546.0, 354.0, 108.0, 456.0, 3840.0, 8064.0, 376200.0, 6624.0, 5376.0, 8256.0, 4320.0, 8736.0, 5664.0, 1728.0, 7296.0, 2320.0, 4872.0, 376200.0, 4002.0, 3248.0, 4988.0, 2610.0, 5278.0, 3422.0, 1044.0, 4408.0, 7200.0, 15120.0, 376200.0, 12420.0, 10080.0, 15480.0, 8100.0, 16380.0, 10620.0, 3240.0, 13680.0, 5280.0, 11088.0, 376200.0, 9108.0, 7392.0, 11352.0, 5940.0, 12012.0, 7788.0, 2376.0, 10032.0, 3280.0, 6888.0, 376200.0, 5658.0, 4592.0, 7052.0, 3690.0, 7462.0, 4838.0, 1476.0, 6232.0, 1200.0, 2520.0, 376200.0, 2070.0, 1680.0, 2580.0, 1350.0, 2730.0, 1770.0, 540.0, 2280.0, 6640.0, 13944.0, 376200.0, 11454.0, 9296.0, 14276.0, 7470.0, 15106.0, 9794.0, 2988.0, 12616.0, 7680.0, 16128.0, 376200.0, 13248.0, 10752.0, 16512.0, 8640.0, 17472.0, 11328.0, 3456.0, 14592.0, 376200.0, 492.0, 7872.0, 4756.0, 14760.0, 10824.0, 6724.0, 2460.0, 13612.0, 15744.0, 14280.0, 376200.0, 11730.0, 9520.0, 7650.0, 15470.0, 10030.0, 3060.0, 12920.0, 6800.0, 14620.0, 13120.0], [0, 0, 0, 0, 0, 0, 0, 0, 0, 0, 0, 0, 0, 0, 0, -376200.0, 376200.0, 376200.0, 376200.0, 376200.0, 376200.0, 376200.0, 376200.0, 450.0, 72.0, 414.0, 376200.0, 234.0, 108.0, 342.0, 216.0, 366.0, 216.0, 126.0, 7200.0, 1152.0, 6624.0, 376200.0, 3744.0, 1728.0, 5472.0, 3456.0, 5856.0, 3456.0, 2016.0, 4350.0, 696.0, 4002.0, 376200.0, 2262.0, 1044.0, 3306.0, 2088.0, 3538.0, 2088.0, 1218.0, 13500.0, 2160.0, 12420.0, 376200.0, 7020.0, 3240.0, 10260.0, 6480.0, 10980.0, 6480.0, 3780.0, 9900.0, 1584.0, 9108.0, 376200.0, 5148.0, 2376.0, 7524.0, 4752.0, 8052.0, 4752.0, 2772.0, 6150.0, 984.0, 5658.0, 376200.0, 3198.0, 1476.0, 4674.0, 2952.0, 5002.0, 2952.0, 1722.0, 2250.0, 360.0, 2070.0, 376200.0, 1170.0, 540.0, 1710.0, 1080.0, 1830.0, 1080.0, 630.0, 12450.0, 1992.0, 11454.0, 376200.0, 6474.0, 2988.0, 9462.0, 5976.0, 10126.0, 5976.0, 3486.0, 14400.0, 2304.0, 13248.0, 376200.0, 7488.0, 3456.0, 10944.0, 6912.0, 11712.0, 6912.0, 4032.0, 376200.0, 336.0, 5376.0, 3248.0, 10080.0, 7392.0, 4592.0, 1680.0, 9296.0, 10752.0, 2040.0, 11730.0, 376200.0, 6630.0, 9690.0, 6120.0, 10370.0, 6120.0, 3570.0, 12750.0, 3060.0, 8960.0], [0, 0, 0, 0, 0, 0, 0, 0, 0, 0, 0, 0, 0, 0, 0, 0, -376200.0, 376200.0, 376200.0, 376200.0, 376200.0, 376200.0, 376200.0, 474.0, 0, 336.0, 234.0, 376200.0, 426.0, 66.0, 174.0, 492.0, 492.0, 36.0, 7584.0, 0, 5376.0, 3744.0, 376200.0, 6816.0, 1056.0, 2784.0, 7872.0, 7872.0, 576.0, 4582.0, 0, 3248.0, 2262.0, 376200.0, 4118.0, 638.0, 1682.0, 4756.0, 4756.0, 348.0, 14220.0, 0, 10080.0, 7020.0, 376200.0, 12780.0, 1980.0, 5220.0, 14760.0, 14760.0, 1080.0, 10428.0, 0, 7392.0, 5148.0, 376200.0, 9372.0, 1452.0, 3828.0, 10824.0, 10824.0, 792.0, 6478.0, 0, 4592.0, 3198.0, 376200.0, 5822.0, 902.0, 2378.0, 6724.0, 6724.0, 492.0, 2370.0, 0, 1680.0, 1170.0, 376200.0, 2130.0, 330.0, 870.0, 2460.0, 2460.0, 180.0, 13114.0, 0, 9296.0, 6474.0, 376200.0, 11786.0, 1826.0, 4814.0, 13612.0, 13612.0, 996.0, 15168.0, 0, 10752.0, 7488.0, 376200.0, 13632.0, 2112.0, 5568.0, 15744.0, 15744.0, 1152.0, 376200.0, 246.0, 3936.0, 2378.0, 7380.0, 5412.0, 3362.0, 1230.0, 6806.0, 7872.0, 0, 9520.0, 6630.0, 376200.0, 1870.0, 4930.0, 13940.0, 13940.0, 1020.0, 13430.0, 12070.0, 6560.0], [0, 0, 0, 0, 0, 0, 0, 0, 0, 0, 0, 0, 0, 0, 0, 0, 0, -376200.0, 376200.0, 376200.0, 376200.0, 376200.0, 376200.0, 0, 156.0, 516.0, 108.0, 426.0, 376200.0, 426.0, 48.0, 462.0, 444.0, 180.0, 0, 2496.0, 8256.0, 1728.0, 6816.0, 376200.0, 6816.0, 768.0, 7392.0, 7104.0, 2880.0, 0, 1508.0, 4988.0, 1044.0, 4118.0, 376200.0, 4118.0, 464.0, 4466.0, 4292.0, 1740.0, 0, 4680.0, 15480.0, 3240.0, 12780.0, 376200.0, 12780.0, 1440.0, 13860.0, 13320.0, 5400.0, 0, 3432.0, 11352.0, 2376.0, 9372.0, 376200.0, 9372.0, 1056.0, 10164.0, 9768.0, 3960.0, 0, 2132.0, 7052.0, 1476.0, 5822.0, 376200.0, 5822.0, 656.0, 6314.0, 6068.0, 2460.0, 0, 780.0, 2580.0, 540.0, 2130.0, 376200.0, 2130.0, 240.0, 2310.0, 2220.0, 900.0, 0, 4316.0, 14276.0, 2988.0, 11786.0, 376200.0, 11786.0, 1328.0, 12782.0, 12284.0, 4980.0, 0, 4992.0, 16512.0, 3456.0, 13632.0, 376200.0, 13632.0, 1536.0, 14784.0, 14208.0, 5760.0, 376200.0, 36.0, 576.0, 348.0, 1080.0, 792.0, 492.0, 180.0, 996.0, 1152.0, 4420.0, 14620.0, 3060.0, 12070.0, 12070.0, 1360.0, 13090.0, 12580.0, 5100.0, 0, 376200.0, 960.0], [0, 0, 0, 0, 0, 0, 0, 0, 0, 0, 0, 0, 0, 0, 0, 0, 0, 0, -376200.0, 376200.0, 376200.0, 376200.0, 376200.0, 534.0, 546.0, 270.0, 342.0, 66.0, 426.0, 376200.0, 534.0, 456.0, 456.0, 240.0, 8544.0, 8736.0, 4320.0, 5472.0, 1056.0, 6816.0, 376200.0, 8544.0, 7296.0, 7296.0, 3840.0, 5162.0, 5278.0, 2610.0, 3306.0, 638.0, 4118.0, 376200.0, 5162.0, 4408.0, 4408.0, 2320.0, 16020.0, 16380.0, 8100.0, 10260.0, 1980.0, 12780.0, 376200.0, 16020.0, 13680.0, 13680.0, 7200.0, 11748.0, 12012.0, 5940.0, 7524.0, 1452.0, 9372.0, 376200.0, 11748.0, 10032.0, 10032.0, 5280.0, 7298.0, 7462.0, 3690.0, 4674.0, 902.0, 5822.0, 376200.0, 7298.0, 6232.0, 6232.0, 3280.0, 2670.0, 2730.0, 1350.0, 1710.0, 330.0, 2130.0, 376200.0, 2670.0, 2280.0, 2280.0, 1200.0, 14774.0, 15106.0, 7470.0, 9462.0, 1826.0, 11786.0, 376200.0, 14774.0, 12616.0, 12616.0, 6640.0, 17088.0, 17472.0, 8640.0, 10944.0, 2112.0, 13632.0, 376200.0, 17088.0, 14592.0, 14592.0, 7680.0, 376200.0, 150.0, 2400.0, 1450.0, 4500.0, 3300.0, 2050.0, 750.0, 4150.0, 4800.0, 15470.0, 7650.0, 9690.0, 1870.0, 376200.0, 15130.0, 12920.0, 12920.0, 6800.0, 15130.0, 12070.0, 4000.0], [0, 0, 0, 0, 0, 0, 0, 0, 0, 0, 0, 0, 0, 0, 0, 0, 0, 0, 0, -376200.0, 376200.0, 376200.0, 376200.0, 210.0, 66.0, 546.0, 216.0, 174.0, 48.0, 534.0, 376200.0, 558.0, 336.0, 6.0, 3360.0, 1056.0, 8736.0, 3456.0, 2784.0, 768.0, 8544.0, 376200.0, 8928.0, 5376.0, 96.0, 2030.0, 638.0, 5278.0, 2088.0, 1682.0, 464.0, 5162.0, 376200.0, 5394.0, 3248.0, 58.0, 6300.0, 1980.0, 16380.0, 6480.0, 5220.0, 1440.0, 16020.0, 376200.0, 16740.0, 10080.0, 180.0, 4620.0, 1452.0, 12012.0, 4752.0, 3828.0, 1056.0, 11748.0, 376200.0, 12276.0, 7392.0, 132.0, 2870.0, 902.0, 7462.0, 2952.0, 2378.0, 656.0, 7298.0, 376200.0, 7626.0, 4592.0, 82.0, 1050.0, 330.0, 2730.0, 1080.0, 870.0, 240.0, 2670.0, 376200.0, 2790.0, 1680.0, 30.0, 5810.0, 1826.0, 15106.0, 5976.0, 4814.0, 1328.0, 14774.0, 376200.0, 15438.0, 9296.0, 166.0, 6720.0, 2112.0, 17472.0, 6912.0, 5568.0, 1536.0, 17088.0, 376200.0, 17856.0, 10752.0, 192.0, 376200.0, 60.0, 960.0, 580.0, 1800.0, 1320.0, 820.0, 300.0, 1660.0, 1920.0, 1870.0, 15470.0, 6120.0, 4930.0, 15130.0, 376200.0, 15810.0, 9520.0, 170.0, 5950.0, 1360.0, 1600.0], [0, 0, 0, 0, 0, 0, 0, 0, 0, 0, 0, 0, 0, 0, 0, 0, 0, 0, 0, 0, -376200.0, 376200.0, 376200.0, 54.0, 210.0, 354.0, 366.0, 492.0, 462.0, 456.0, 558.0, 376200.0, 300.0, 24.0, 864.0, 3360.0, 5664.0, 5856.0, 7872.0, 7392.0, 7296.0, 8928.0, 376200.0, 4800.0, 384.0, 522.0, 2030.0, 3422.0, 3538.0, 4756.0, 4466.0, 4408.0, 5394.0, 376200.0, 2900.0, 232.0, 1620.0, 6300.0, 10620.0, 10980.0, 14760.0, 13860.0, 13680.0, 16740.0, 376200.0, 9000.0, 720.0, 1188.0, 4620.0, 7788.0, 8052.0, 10824.0, 10164.0, 10032.0, 12276.0, 376200.0, 6600.0, 528.0, 738.0, 2870.0, 4838.0, 5002.0, 6724.0, 6314.0, 6232.0, 7626.0, 376200.0, 4100.0, 328.0, 270.0, 1050.0, 1770.0, 1830.0, 2460.0, 2310.0, 2280.0, 2790.0, 376200.0, 1500.0, 120.0, 1494.0, 5810.0, 9794.0, 10126.0, 13612.0, 12782.0, 12616.0, 15438.0, 376200.0, 8300.0, 664.0, 1728.0, 6720.0, 11328.0, 11712.0, 15744.0, 14784.0, 14592.0, 17856.0, 376200.0, 9600.0, 768.0, 376200.0, 24.0, 384.0, 232.0, 720.0, 528.0, 328.0, 120.0, 664.0, 768.0, 5950.0, 10030.0, 10370.0, 13940.0, 12920.0, 15810.0, 376200.0, 8500.0, 680.0, 1530.0, 13090.0, 640.0], [0, 0, 0, 0, 0, 0, 0, 0, 0, 0, 0, 0, 0, 0, 0, 0, 0, 0, 0, 0, 0, -376200.0, 376200.0, 6.0, 492.0, 108.0, 216.0, 492.0, 444.0, 456.0, 336.0, 300.0, 376200.0, 216.0, 96.0, 7872.0, 1728.0, 3456.0, 7872.0, 7104.0, 7296.0, 5376.0, 4800.0, 376200.0, 3456.0, 58.0, 4756.0, 1044.0, 2088.0, 4756.0, 4292.0, 4408.0, 3248.0, 2900.0, 376200.0, 2088.0, 180.0, 14760.0, 3240.0, 6480.0, 14760.0, 13320.0, 13680.0, 10080.0, 9000.0, 376200.0, 6480.0, 132.0, 10824.0, 2376.0, 4752.0, 10824.0, 9768.0, 10032.0, 7392.0, 6600.0, 376200.0, 4752.0, 82.0, 6724.0, 1476.0, 2952.0, 6724.0, 6068.0, 6232.0, 4592.0, 4100.0, 376200.0, 2952.0, 30.0, 2460.0, 540.0, 1080.0, 2460.0, 2220.0, 2280.0, 1680.0, 1500.0, 376200.0, 1080.0, 166.0, 13612.0, 2988.0, 5976.0, 13612.0, 12284.0, 12616.0, 9296.0, 8300.0, 376200.0, 5976.0, 192.0, 15744.0, 3456.0, 6912.0, 15744.0, 14208.0, 14592.0, 10752.0, 9600.0, 376200.0, 6912.0, 376200.0, 378.0, 6048.0, 3654.0, 11340.0, 8316.0, 5166.0, 1890.0, 10458.0, 12096.0, 13940.0, 3060.0, 6120.0, 13940.0, 12920.0, 9520.0, 8500.0, 376200.0, 6120.0, 170.0, 12580.0, 10080.0], [0, 0, 0, 0, 0, 0, 0, 0, 0, 0, 0, 0, 0, 0, 0, 0, 0, 0, 0, 0, 0, 0, -376200.0, 510.0, 156.0, 456.0, 126.0, 36.0, 180.0, 240.0, 6.0, 24.0, 216.0, 376200.0, 8160.0, 2496.0, 7296.0, 2016.0, 576.0, 2880.0, 3840.0, 96.0, 384.0, 3456.0, 376200.0, 4930.0, 1508.0, 4408.0, 1218.0, 348.0, 1740.0, 2320.0, 58.0, 232.0, 2088.0, 376200.0, 15300.0, 4680.0, 13680.0, 3780.0, 1080.0, 5400.0, 7200.0, 180.0, 720.0, 6480.0, 376200.0, 11220.0, 3432.0, 10032.0, 2772.0, 792.0, 3960.0, 5280.0, 132.0, 528.0, 4752.0, 376200.0, 6970.0, 2132.0, 6232.0, 1722.0, 492.0, 2460.0, 3280.0, 82.0, 328.0, 2952.0, 376200.0, 2550.0, 780.0, 2280.0, 630.0, 180.0, 900.0, 1200.0, 30.0, 120.0, 1080.0, 376200.0, 14110.0, 4316.0, 12616.0, 3486.0, 996.0, 4980.0, 6640.0, 166.0, 664.0, 5976.0, 376200.0, 16320.0, 4992.0, 14592.0, 4032.0, 1152.0, 5760.0, 7680.0, 192.0, 768.0, 6912.0, 376200.0, 376200.0, 36.0, 576.0, 348.0, 1080.0, 792.0, 492.0, 180.0, 996.0, 1152.0, 4420.0, 12920.0, 3570.0, 1020.0, 6800.0, 170.0, 680.0, 6120.0, 376200.0, 14450.0, 5100.0, 960.0], [0, 0, 0, 0, 0, 0, 0, 0, 0, 0, 0, 0, 0, 0, 0, 0, 0, 0, 0, 0, 0, 0, 0, -376200.0, 376200.0, 376200.0, 376200.0, 376200.0, 376200.0, 376200.0, 376200.0, 376200.0, 376200.0, 376200.0, 376200.0, 6512.0, 5920.0, 11100.0, 11692.0, 0, 13172.0, 5180.0, 1332.0, 148.0, 12580.0, 376200.0, 3960.0, 3600.0, 6750.0, 7110.0, 0, 8010.0, 3150.0, 810.0, 90.0, 7650.0, 376200.0, 5720.0, 5200.0, 9750.0, 10270.0, 0, 11570.0, 4550.0, 1170.0, 130.0, 11050.0, 376200.0, 3520.0, 3200.0, 6000.0, 6320.0, 0, 7120.0, 2800.0, 720.0, 80.0, 6800.0, 376200.0, 4752.0, 4320.0, 8100.0, 8532.0, 0, 9612.0, 3780.0, 972.0, 108.0, 9180.0, 376200.0, 7304.0, 6640.0, 12450.0, 13114.0, 0, 14774.0, 5810.0, 1494.0, 166.0, 14110.0, 376200.0, 1232.0, 1120.0, 2100.0, 2212.0, 0, 2492.0, 980.0, 252.0, 28.0, 2380.0, 376200.0, 6248.0, 5680.0, 10650.0, 11218.0, 0, 12638.0, 4970.0, 1278.0, 142.0, 12070.0, 126.0, 376200.0, 3108.0, 1890.0, 2730.0, 1680.0, 2268.0, 3486.0, 588.0, 2982.0, 176.0, 160.0, 300.0, 316.0, 356.0, 140.0, 36.0, 4.0, 340.0, 376200.0, 0, 2436.0], [0, 0, 0, 0, 0, 0, 0, 0, 0, 0, 0, 0, 0, 0, 0, 0, 0, 0, 0, 0, 0, 0, 0, 0, -376200.0, 376200.0, 376200.0, 376200.0, 376200.0, 376200.0, 376200.0, 376200.0, 376200.0, 376200.0, 6512.0, 376200.0, 12432.0, 1776.0, 0, 3848.0, 13468.0, 1628.0, 5180.0, 12136.0, 3848.0, 3960.0, 376200.0, 7560.0, 1080.0, 0, 2340.0, 8190.0, 990.0, 3150.0, 7380.0, 2340.0, 5720.0, 376200.0, 10920.0, 1560.0, 0, 3380.0, 11830.0, 1430.0, 4550.0, 10660.0, 3380.0, 3520.0, 376200.0, 6720.0, 960.0, 0, 2080.0, 7280.0, 880.0, 2800.0, 6560.0, 2080.0, 4752.0, 376200.0, 9072.0, 1296.0, 0, 2808.0, 9828.0, 1188.0, 3780.0, 8856.0, 2808.0, 7304.0, 376200.0, 13944.0, 1992.0, 0, 4316.0, 15106.0, 1826.0, 5810.0, 13612.0, 4316.0, 1232.0, 376200.0, 2352.0, 336.0, 0, 728.0, 2548.0, 308.0, 980.0, 2296.0, 728.0, 6248.0, 376200.0, 11928.0, 1704.0, 0, 3692.0, 12922.0, 1562.0, 4970.0, 11644.0, 3692.0, 570.0, 376200.0, 14060.0, 8550.0, 12350.0, 7600.0, 10260.0, 15770.0, 2660.0, 13490.0, 376200.0, 336.0, 48.0, 0, 364.0, 44.0, 140.0, 328.0, 104.0, 176.0, 104.0, 11020.0], [0, 0, 0, 0, 0, 0, 0, 0, 0, 0, 0, 0, 0, 0, 0, 0, 0, 0, 0, 0, 0, 0, 0, 0, 0, -376200.0, 376200.0, 376200.0, 376200.0, 376200.0, 376200.0, 376200.0, 376200.0, 376200.0, 5920.0, 12432.0, 376200.0, 10212.0, 8288.0, 12728.0, 6660.0, 13468.0, 8732.0, 2664.0, 11248.0, 3600.0, 7560.0, 376200.0, 6210.0, 5040.0, 7740.0, 4050.0, 8190.0, 5310.0, 1620.0, 6840.0, 5200.0, 10920.0, 376200.0, 8970.0, 7280.0, 11180.0, 5850.0, 11830.0, 7670.0, 2340.0, 9880.0, 3200.0, 6720.0, 376200.0, 5520.0, 4480.0, 6880.0, 3600.0, 7280.0, 4720.0, 1440.0, 6080.0, 4320.0, 9072.0, 376200.0, 7452.0, 6048.0, 9288.0, 4860.0, 9828.0, 6372.0, 1944.0, 8208.0, 6640.0, 13944.0, 376200.0, 11454.0, 9296.0, 14276.0, 7470.0, 15106.0, 9794.0, 2988.0, 12616.0, 1120.0, 2352.0, 376200.0, 1932.0, 1568.0, 2408.0, 1260.0, 2548.0, 1652.0, 504.0, 2128.0, 5680.0, 11928.0, 376200.0, 9798.0, 7952.0, 12212.0, 6390.0, 12922.0, 8378.0, 2556.0, 10792.0, 492.0, 376200.0, 12136.0, 7380.0, 10660.0, 6560.0, 8856.0, 13612.0, 2296.0, 11644.0, 336.0, 376200.0, 276.0, 224.0, 180.0, 364.0, 236.0, 72.0, 304.0, 160.0, 344.0, 9512.0], [0, 0, 0, 0, 0, 0, 0, 0, 0, 0, 0, 0, 0, 0, 0, 0, 0, 0, 0, 0, 0, 0, 0, 0, 0, 0, -376200.0, 376200.0, 376200.0, 376200.0, 376200.0, 376200.0, 376200.0, 376200.0, 11100.0, 1776.0, 10212.0, 376200.0, 5772.0, 2664.0, 8436.0, 5328.0, 9028.0, 5328.0, 3108.0, 6750.0, 1080.0, 6210.0, 376200.0, 3510.0, 1620.0, 5130.0, 3240.0, 5490.0, 3240.0, 1890.0, 9750.0, 1560.0, 8970.0, 376200.0, 5070.0, 2340.0, 7410.0, 4680.0, 7930.0, 4680.0, 2730.0, 6000.0, 960.0, 5520.0, 376200.0, 3120.0, 1440.0, 4560.0, 2880.0, 4880.0, 2880.0, 1680.0, 8100.0, 1296.0, 7452.0, 376200.0, 4212.0, 1944.0, 6156.0, 3888.0, 6588.0, 3888.0, 2268.0, 12450.0, 1992.0, 11454.0, 376200.0, 6474.0, 2988.0, 9462.0, 5976.0, 10126.0, 5976.0, 3486.0, 2100.0, 336.0, 1932.0, 376200.0, 1092.0, 504.0, 1596.0, 1008.0, 1708.0, 1008.0, 588.0, 10650.0, 1704.0, 9798.0, 376200.0, 5538.0, 2556.0, 8094.0, 5112.0, 8662.0, 5112.0, 2982.0, 336.0, 376200.0, 8288.0, 5040.0, 7280.0, 4480.0, 6048.0, 9296.0, 1568.0, 7952.0, 48.0, 276.0, 376200.0, 156.0, 228.0, 144.0, 244.0, 144.0, 84.0, 300.0, 72.0, 6496.0], [0, 0, 0, 0, 0, 0, 0, 0, 0, 0, 0, 0, 0, 0, 0, 0, 0, 0, 0, 0, 0, 0, 0, 0, 0, 0, 0, -376200.0, 376200.0, 376200.0, 376200.0, 376200.0, 376200.0, 376200.0, 11692.0, 0, 8288.0, 5772.0, 376200.0, 10508.0, 1628.0, 4292.0, 12136.0, 12136.0, 888.0, 7110.0, 0, 5040.0, 3510.0, 376200.0, 6390.0, 990.0, 2610.0, 7380.0, 7380.0, 540.0, 10270.0, 0, 7280.0, 5070.0, 376200.0, 9230.0, 1430.0, 3770.0, 10660.0, 10660.0, 780.0, 6320.0, 0, 4480.0, 3120.0, 376200.0, 5680.0, 880.0, 2320.0, 6560.0, 6560.0, 480.0, 8532.0, 0, 6048.0, 4212.0, 376200.0, 7668.0, 1188.0, 3132.0, 8856.0, 8856.0, 648.0, 13114.0, 0, 9296.0, 6474.0, 376200.0, 11786.0, 1826.0, 4814.0, 13612.0, 13612.0, 996.0, 2212.0, 0, 1568.0, 1092.0, 376200.0, 1988.0, 308.0, 812.0, 2296.0, 2296.0, 168.0, 11218.0, 0, 7952.0, 5538.0, 376200.0, 10082.0, 1562.0, 4118.0, 11644.0, 11644.0, 852.0, 246.0, 376200.0, 6068.0, 3690.0, 5330.0, 3280.0, 4428.0, 6806.0, 1148.0, 5822.0, 0, 224.0, 156.0, 376200.0, 44.0, 116.0, 328.0, 328.0, 24.0, 316.0, 284.0, 4756.0], [0, 0, 0, 0, 0, 0, 0, 0, 0, 0, 0, 0, 0, 0, 0, 0, 0, 0, 0, 0, 0, 0, 0, 0, 0, 0, 0, 0, -376200.0, 376200.0, 376200.0, 376200.0, 376200.0, 376200.0, 0, 3848.0, 12728.0, 2664.0, 10508.0, 376200.0, 10508.0, 1184.0, 11396.0, 10952.0, 4440.0, 0, 2340.0, 7740.0, 1620.0, 6390.0, 376200.0, 6390.0, 720.0, 6930.0, 6660.0, 2700.0, 0, 3380.0, 11180.0, 2340.0, 9230.0, 376200.0, 9230.0, 1040.0, 10010.0, 9620.0, 3900.0, 0, 2080.0, 6880.0, 1440.0, 5680.0, 376200.0, 5680.0, 640.0, 6160.0, 5920.0, 2400.0, 0, 2808.0, 9288.0, 1944.0, 7668.0, 376200.0, 7668.0, 864.0, 8316.0, 7992.0, 3240.0, 0, 4316.0, 14276.0, 2988.0, 11786.0, 376200.0, 11786.0, 1328.0, 12782.0, 12284.0, 4980.0, 0, 728.0, 2408.0, 504.0, 1988.0, 376200.0, 1988.0, 224.0, 2156.0, 2072.0, 840.0, 0, 3692.0, 12212.0, 2556.0, 10082.0, 376200.0, 10082.0, 1136.0, 10934.0, 10508.0, 4260.0, 36.0, 376200.0, 888.0, 540.0, 780.0, 480.0, 648.0, 996.0, 168.0, 852.0, 104.0, 344.0, 72.0, 284.0, 284.0, 32.0, 308.0, 296.0, 120.0, 0, 376200.0, 696.0], [0, 0, 0, 0, 0, 0, 0, 0, 0, 0, 0, 0, 0, 0, 0, 0, 0, 0, 0, 0, 0, 0, 0, 0, 0, 0, 0, 0, 0, -376200.0, 376200.0, 376200.0, 376200.0, 376200.0, 13172.0, 13468.0, 6660.0, 8436.0, 1628.0, 10508.0, 376200.0, 13172.0, 11248.0, 11248.0, 5920.0, 8010.0, 8190.0, 4050.0, 5130.0, 990.0, 6390.0, 376200.0, 8010.0, 6840.0, 6840.0, 3600.0, 11570.0, 11830.0, 5850.0, 7410.0, 1430.0, 9230.0, 376200.0, 11570.0, 9880.0, 9880.0, 5200.0, 7120.0, 7280.0, 3600.0, 4560.0, 880.0, 5680.0, 376200.0, 7120.0, 6080.0, 6080.0, 3200.0, 9612.0, 9828.0, 4860.0, 6156.0, 1188.0, 7668.0, 376200.0, 9612.0, 8208.0, 8208.0, 4320.0, 14774.0, 15106.0, 7470.0, 9462.0, 1826.0, 11786.0, 376200.0, 14774.0, 12616.0, 12616.0, 6640.0, 2492.0, 2548.0, 1260.0, 1596.0, 308.0, 1988.0, 376200.0, 2492.0, 2128.0, 2128.0, 1120.0, 12638.0, 12922.0, 6390.0, 8094.0, 1562.0, 10082.0, 376200.0, 12638.0, 10792.0, 10792.0, 5680.0, 150.0, 376200.0, 3700.0, 2250.0, 3250.0, 2000.0, 2700.0, 4150.0, 700.0, 3550.0, 364.0, 180.0, 228.0, 44.0, 376200.0, 356.0, 304.0, 304.0, 160.0, 356.0, 284.0, 2900.0], [0, 0, 0, 0, 0, 0, 0, 0, 0, 0, 0, 0, 0, 0, 0, 0, 0, 0, 0, 0, 0, 0, 0, 0, 0, 0, 0, 0, 0, 0, -376200.0, 376200.0, 376200.0, 376200.0, 5180.0, 1628.0, 13468.0, 5328.0, 4292.0, 1184.0, 13172.0, 376200.0, 13764.0, 8288.0, 148.0, 3150.0, 990.0, 8190.0, 3240.0, 2610.0, 720.0, 8010.0, 376200.0, 8370.0, 5040.0, 90.0, 4550.0, 1430.0, 11830.0, 4680.0, 3770.0, 1040.0, 11570.0, 376200.0, 12090.0, 7280.0, 130.0, 2800.0, 880.0, 7280.0, 2880.0, 2320.0, 640.0, 7120.0, 376200.0, 7440.0, 4480.0, 80.0, 3780.0, 1188.0, 9828.0, 3888.0, 3132.0, 864.0, 9612.0, 376200.0, 10044.0, 6048.0, 108.0, 5810.0, 1826.0, 15106.0, 5976.0, 4814.0, 1328.0, 14774.0, 376200.0, 15438.0, 9296.0, 166.0, 980.0, 308.0, 2548.0, 1008.0, 812.0, 224.0, 2492.0, 376200.0, 2604.0, 1568.0, 28.0, 4970.0, 1562.0, 12922.0, 5112.0, 4118.0, 1136.0, 12638.0, 376200.0, 13206.0, 7952.0, 142.0, 60.0, 376200.0, 1480.0, 900.0, 1300.0, 800.0, 1080.0, 1660.0, 280.0, 1420.0, 44.0, 364.0, 144.0, 116.0, 356.0, 376200.0, 372.0, 224.0, 4.0, 140.0, 32.0, 1160.0], [0, 0, 0, 0, 0, 0, 0, 0, 0, 0, 0, 0, 0, 0, 0, 0, 0, 0, 0, 0, 0, 0, 0, 0, 0, 0, 0, 0, 0, 0, 0, -376200.0, 376200.0, 376200.0, 1332.0, 5180.0, 8732.0, 9028.0, 12136.0, 11396.0, 11248.0, 13764.0, 376200.0, 7400.0, 592.0, 810.0, 3150.0, 5310.0, 5490.0, 7380.0, 6930.0, 6840.0, 8370.0, 376200.0, 4500.0, 360.0, 1170.0, 4550.0, 7670.0, 7930.0, 10660.0, 10010.0, 9880.0, 12090.0, 376200.0, 6500.0, 520.0, 720.0, 2800.0, 4720.0, 4880.0, 6560.0, 6160.0, 6080.0, 7440.0, 376200.0, 4000.0, 320.0, 972.0, 3780.0, 6372.0, 6588.0, 8856.0, 8316.0, 8208.0, 10044.0, 376200.0, 5400.0, 432.0, 1494.0, 5810.0, 9794.0, 10126.0, 13612.0, 12782.0, 12616.0, 15438.0, 376200.0, 8300.0, 664.0, 252.0, 980.0, 1652.0, 1708.0, 2296.0, 2156.0, 2128.0, 2604.0, 376200.0, 1400.0, 112.0, 1278.0, 4970.0, 8378.0, 8662.0, 11644.0, 10934.0, 10792.0, 13206.0, 376200.0, 7100.0, 568.0, 24.0, 376200.0, 592.0, 360.0, 520.0, 320.0, 432.0, 664.0, 112.0, 568.0, 140.0, 236.0, 244.0, 328.0, 304.0, 372.0, 376200.0, 200.0, 16.0, 36.0, 308.0, 464.0], [0, 0, 0, 0, 0, 0, 0, 0, 0, 0, 0, 0, 0, 0, 0, 0, 0, 0, 0, 0, 0, 0, 0, 0, 0, 0, 0, 0, 0, 0, 0, 0, -376200.0, 376200.0, 148.0, 12136.0, 2664.0, 5328.0, 12136.0, 10952.0, 11248.0, 8288.0, 7400.0, 376200.0, 5328.0, 90.0, 7380.0, 1620.0, 3240.0, 7380.0, 6660.0, 6840.0, 5040.0, 4500.0, 376200.0, 3240.0, 130.0, 10660.0, 2340.0, 4680.0, 10660.0, 9620.0, 9880.0, 7280.0, 6500.0, 376200.0, 4680.0, 80.0, 6560.0, 1440.0, 2880.0, 6560.0, 5920.0, 6080.0, 4480.0, 4000.0, 376200.0, 2880.0, 108.0, 8856.0, 1944.0, 3888.0, 8856.0, 7992.0, 8208.0, 6048.0, 5400.0, 376200.0, 3888.0, 166.0, 13612.0, 2988.0, 5976.0, 13612.0, 12284.0, 12616.0, 9296.0, 8300.0, 376200.0, 5976.0, 28.0, 2296.0, 504.0, 1008.0, 2296.0, 2072.0, 2128.0, 1568.0, 1400.0, 376200.0, 1008.0, 142.0, 11644.0, 2556.0, 5112.0, 11644.0, 10508.0, 10792.0, 7952.0, 7100.0, 376200.0, 5112.0, 378.0, 376200.0, 9324.0, 5670.0, 8190.0, 5040.0, 6804.0, 10458.0, 1764.0, 8946.0, 328.0, 72.0, 144.0, 328.0, 304.0, 224.0, 200.0, 376200.0, 144.0, 4.0, 296.0, 7308.0], [0, 0, 0, 0, 0, 0, 0, 0, 0, 0, 0, 0, 0, 0, 0, 0, 0, 0, 0, 0, 0, 0, 0, 0, 0, 0, 0, 0, 0, 0, 0, 0, 0, -376200.0, 12580.0, 3848.0, 11248.0, 3108.0, 888.0, 4440.0, 5920.0, 148.0, 592.0, 5328.0, 376200.0, 7650.0, 2340.0, 6840.0, 1890.0, 540.0, 2700.0, 3600.0, 90.0, 360.0, 3240.0, 376200.0, 11050.0, 3380.0, 9880.0, 2730.0, 780.0, 3900.0, 5200.0, 130.0, 520.0, 4680.0, 376200.0, 6800.0, 2080.0, 6080.0, 1680.0, 480.0, 2400.0, 3200.0, 80.0, 320.0, 2880.0, 376200.0, 9180.0, 2808.0, 8208.0, 2268.0, 648.0, 3240.0, 4320.0, 108.0, 432.0, 3888.0, 376200.0, 14110.0, 4316.0, 12616.0, 3486.0, 996.0, 4980.0, 6640.0, 166.0, 664.0, 5976.0, 376200.0, 2380.0, 728.0, 2128.0, 588.0, 168.0, 840.0, 1120.0, 28.0, 112.0, 1008.0, 376200.0, 12070.0, 3692.0, 10792.0, 2982.0, 852.0, 4260.0, 5680.0, 142.0, 568.0, 5112.0, 376200.0, 36.0, 376200.0, 888.0, 540.0, 780.0, 480.0, 648.0, 996.0, 168.0, 852.0, 104.0, 304.0, 84.0, 24.0, 160.0, 4.0, 16.0, 144.0, 376200.0, 340.0, 120.0, 696.0], [0, 0, 0, 0, 0, 0, 0, 0, 0, 0, 0, 0, 0, 0, 0, 0, 0, 0, 0, 0, 0, 0, 0, 0, 0, 0, 0, 0, 0, 0, 0, 0, 0, 0, -376200.0, 376200.0, 376200.0, 376200.0, 376200.0, 376200.0, 376200.0, 376200.0, 376200.0, 376200.0, 376200.0, 376200.0, 6776.0, 6160.0, 11550.0, 12166.0, 0, 13706.0, 5390.0, 1386.0, 154.0, 13090.0, 376200.0, 3168.0, 2880.0, 5400.0, 5688.0, 0, 6408.0, 2520.0, 648.0, 72.0, 6120.0, 376200.0, 4664.0, 4240.0, 7950.0, 8374.0, 0, 9434.0, 3710.0, 954.0, 106.0, 9010.0, 376200.0, 3256.0, 2960.0, 5550.0, 5846.0, 0, 6586.0, 2590.0, 666.0, 74.0, 6290.0, 376200.0, 2288.0, 2080.0, 3900.0, 4108.0, 0, 4628.0, 1820.0, 468.0, 52.0, 4420.0, 376200.0, 7656.0, 6960.0, 13050.0, 13746.0, 0, 15486.0, 6090.0, 1566.0, 174.0, 14790.0, 376200.0, 6688.0, 6080.0, 11400.0, 12008.0, 0, 13528.0, 5320.0, 1368.0, 152.0, 12920.0, 2016.0, 3108.0, 376200.0, 3234.0, 1512.0, 2226.0, 1554.0, 1092.0, 3654.0, 3192.0, 88.0, 80.0, 150.0, 158.0, 178.0, 70.0, 18.0, 2.0, 170.0, 376200.0, 0, 882.0], [0, 0, 0, 0, 0, 0, 0, 0, 0, 0, 0, 0, 0, 0, 0, 0, 0, 0, 0, 0, 0, 0, 0, 0, 0, 0, 0, 0, 0, 0, 0, 0, 0, 0, 0, -376200.0, 376200.0, 376200.0, 376200.0, 376200.0, 376200.0, 376200.0, 376200.0, 376200.0, 376200.0, 6776.0, 376200.0, 12936.0, 1848.0, 0, 4004.0, 14014.0, 1694.0, 5390.0, 12628.0, 4004.0, 3168.0, 376200.0, 6048.0, 864.0, 0, 1872.0, 6552.0, 792.0, 2520.0, 5904.0, 1872.0, 4664.0, 376200.0, 8904.0, 1272.0, 0, 2756.0, 9646.0, 1166.0, 3710.0, 8692.0, 2756.0, 3256.0, 376200.0, 6216.0, 888.0, 0, 1924.0, 6734.0, 814.0, 2590.0, 6068.0, 1924.0, 2288.0, 376200.0, 4368.0, 624.0, 0, 1352.0, 4732.0, 572.0, 1820.0, 4264.0, 1352.0, 7656.0, 376200.0, 14616.0, 2088.0, 0, 4524.0, 15834.0, 1914.0, 6090.0, 14268.0, 4524.0, 6688.0, 376200.0, 12768.0, 1824.0, 0, 3952.0, 13832.0, 1672.0, 5320.0, 12464.0, 3952.0, 9120.0, 14060.0, 376200.0, 14630.0, 6840.0, 10070.0, 7030.0, 4940.0, 16530.0, 14440.0, 376200.0, 168.0, 24.0, 0, 182.0, 22.0, 70.0, 164.0, 52.0, 88.0, 52.0, 3990.0], [0, 0, 0, 0, 0, 0, 0, 0, 0, 0, 0, 0, 0, 0, 0, 0, 0, 0, 0, 0, 0, 0, 0, 0, 0, 0, 0, 0, 0, 0, 0, 0, 0, 0, 0, 0, -376200.0, 376200.0, 376200.0, 376200.0, 376200.0, 376200.0, 376200.0, 376200.0, 376200.0, 6160.0, 12936.0, 376200.0, 10626.0, 8624.0, 13244.0, 6930.0, 14014.0, 9086.0, 2772.0, 11704.0, 2880.0, 6048.0, 376200.0, 4968.0, 4032.0, 6192.0, 3240.0, 6552.0, 4248.0, 1296.0, 5472.0, 4240.0, 8904.0, 376200.0, 7314.0, 5936.0, 9116.0, 4770.0, 9646.0, 6254.0, 1908.0, 8056.0, 2960.0, 6216.0, 376200.0, 5106.0, 4144.0, 6364.0, 3330.0, 6734.0, 4366.0, 1332.0, 5624.0, 2080.0, 4368.0, 376200.0, 3588.0, 2912.0, 4472.0, 2340.0, 4732.0, 3068.0, 936.0, 3952.0, 6960.0, 14616.0, 376200.0, 12006.0, 9744.0, 14964.0, 7830.0, 15834.0, 10266.0, 3132.0, 13224.0, 6080.0, 12768.0, 376200.0, 10488.0, 8512.0, 13072.0, 6840.0, 13832.0, 8968.0, 2736.0, 11552.0, 7872.0, 12136.0, 376200.0, 12628.0, 5904.0, 8692.0, 6068.0, 4264.0, 14268.0, 12464.0, 168.0, 376200.0, 138.0, 112.0, 90.0, 182.0, 118.0, 36.0, 152.0, 80.0, 172.0, 3444.0], [0, 0, 0, 0, 0, 0, 0, 0, 0, 0, 0, 0, 0, 0, 0, 0, 0, 0, 0, 0, 0, 0, 0, 0, 0, 0, 0, 0, 0, 0, 0, 0, 0, 0, 0, 0, 0, 