{"offset": 3572000.0, "qubo_matrix": [[-357200.0, 2982.0, 13490.0, 11644.0, 7952.0, 5822.0, 852.0, 3550.0, 1420.0, 568.0, 462.0, 2090.0, 1804.0, 1232.0, 902.0, 132.0, 550.0, 220.0, 88.0, 1218.0, 5510.0, 4756.0, 3248.0, 2378.0, 348.0, 1450.0, 580.0, 232.0, 3444.0, 15580.0, 13448.0, 9184.0, 6724.0, 984.0, 4100.0, 1640.0, 656.0, 3444.0, 15580.0, 13448.0, 9184.0, 6724.0, 984.0, 4100.0, 1640.0, 656.0, 252.0, 1140.0, 984.0, 672.0, 492.0, 72.0, 300.0, 120.0, 48.0, 2982.0, 13490.0, 11644.0, 7952.0, 5822.0, 852.0, 3550.0, 1420.0, 568.0, 336.0, 1520.0, 1312.0, 896.0, 656.0, 96.0, 400.0, 160.0, 64.0, 3234.0, 14630.0, 12628.0, 8624.0, 6314.0, 924.0, 3850.0, 1540.0, 616.0, 357200.0, 357200.0, 357200.0, 357200.0, 357200.0, 357200.0, 357200.0, 357200.0, 357200.0, 357200.0, 357200.0, 357200.0, 357200.0, 357200.0, 357200.0, 357200.0, 357200.0, 357200.0], [0, -357200.0, 357200.0, 357200.0, 357200.0, 357200.0, 357200.0, 357200.0, 357200.0, 357200.0, 357200.0, 9324.0, 888.0, 6512.0, 5920.0, 11100.0, 11692.0, 0, 13172.0, 357200.0, 3780.0, 360.0, 2640.0, 2400.0, 4500.0, 4740.0, 0, 5340.0, 357200.0, 11214.0, 1068.0, 7832.0, 7120.0, 13350.0, 14062.0, 0, 15842.0, 357200.0, 9576.0, 912.0, 6688.0, 6080.0, 11400.0, 12008.0, 0, 13528.0, 357200.0, 9576.0, 912.0, 6688.0, 6080.0, 11400.0, 12008.0, 0, 13528.0, 357200.0, 5040.0, 480.0, 3520.0, 3200.0, 6000.0, 6320.0, 0, 7120.0, 357200.0, 11718.0, 1116.0, 8184.0, 7440.0, 13950.0, 14694.0, 0, 16554.0, 357200.0, 7056.0, 672.0, 4928.0, 4480.0, 8400.0, 8848.0, 0, 9968.0, 3108.0, 1260.0, 3738.0, 3192.0, 3192.0, 1680.0, 3906.0, 2352.0, 8946.0, 852.0, 6248.0, 5680.0, 10650.0, 11218.0, 12638.0, 357200.0, 0, 357200.0], [0, 0, -357200.0, 357200.0, 357200.0, 357200.0, 357200.0, 357200.0, 357200.0, 357200.0, 9324.0, 357200.0, 5180.0, 1332.0, 148.0, 12580.0, 12432.0, 1776.0, 0, 3780.0, 357200.0, 2100.0, 540.0, 60.0, 5100.0, 5040.0, 720.0, 0, 11214.0, 357200.0, 6230.0, 1602.0, 178.0, 15130.0, 14952.0, 2136.0, 0, 9576.0, 357200.0, 5320.0, 1368.0, 152.0, 12920.0, 12768.0, 1824.0, 0, 9576.0, 357200.0, 5320.0, 1368.0, 152.0, 12920.0, 12768.0, 1824.0, 0, 5040.0, 357200.0, 2800.0, 720.0, 80.0, 6800.0, 6720.0, 960.0, 0, 11718.0, 357200.0, 6510.0, 1674.0, 186.0, 15810.0, 15624.0, 2232.0, 0, 7056.0, 357200.0, 3920.0, 1008.0, 112.0, 9520.0, 9408.0, 1344.0, 0, 14060.0, 5700.0, 16910.0, 14440.0, 14440.0, 7600.0, 17670.0, 10640.0, 357200.0, 4970.0, 1278.0, 142.0, 12070.0, 11928.0, 0, 8946.0, 1704.0, 357200.0], [0, 0, 0, -357200.0, 357200.0, 357200.0, 357200.0, 357200.0, 357200.0, 357200.0, 888.0, 5180.0, 357200.0, 3848.0, 13468.0, 1628.0, 5180.0, 12136.0, 3848.0, 360.0, 2100.0, 357200.0, 1560.0, 5460.0, 660.0, 2100.0, 4920.0, 1560.0, 1068.0, 6230.0, 357200.0, 4628.0, 16198.0, 1958.0, 6230.0, 14596.0, 4628.0, 912.0, 5320.0, 357200.0, 3952.0, 13832.0, 1672.0, 5320.0, 12464.0, 3952.0, 912.0, 5320.0, 357200.0, 3952.0, 13832.0, 1672.0, 5320.0, 12464.0, 3952.0, 480.0, 2800.0, 357200.0, 2080.0, 7280.0, 880.0, 2800.0, 6560.0, 2080.0, 1116.0, 6510.0, 357200.0, 4836.0, 16926.0, 2046.0, 6510.0, 15252.0, 4836.0, 672.0, 3920.0, 357200.0, 2912.0, 10192.0, 1232.0, 3920.0, 9184.0, 2912.0, 12136.0, 4920.0, 14596.0, 12464.0, 12464.0, 6560.0, 15252.0, 9184.0, 4970.0, 357200.0, 3692.0, 12922.0, 1562.0, 4970.0, 3692.0, 852.0, 11644.0, 357200.0], [0, 0, 0, 0, -357200.0, 357200.0, 357200.0, 357200.0, 357200.0, 357200.0, 6512.0, 1332.0, 3848.0, 357200.0, 10212.0, 8288.0, 12728.0, 6660.0, 13468.0, 2640.0, 540.0, 1560.0, 357200.0, 4140.0, 3360.0, 5160.0, 2700.0, 5460.0, 7832.0, 1602.0, 4628.0, 357200.0, 12282.0, 9968.0, 15308.0, 8010.0, 16198.0, 6688.0, 1368.0, 3952.0, 357200.0, 10488.0, 8512.0, 13072.0, 6840.0, 13832.0, 6688.0, 1368.0, 3952.0, 357200.0, 10488.0, 8512.0, 13072.0, 6840.0, 13832.0, 3520.0, 720.0, 2080.0, 357200.0, 5520.0, 4480.0, 6880.0, 3600.0, 7280.0, 8184.0, 1674.0, 4836.0, 357200.0, 12834.0, 10416.0, 15996.0, 8370.0, 16926.0, 4928.0, 1008.0, 2912.0, 357200.0, 7728.0, 6272.0, 9632.0, 5040.0, 10192.0, 8288.0, 3360.0, 9968.0, 8512.0, 8512.0, 4480.0, 10416.0, 6272.0, 1278.0, 3692.0, 357200.0, 9798.0, 7952.0, 12212.0, 12922.0, 6248.0, 6390.0, 357200.0], [0, 0, 0, 0, 0, -357200.0, 357200.0, 357200.0, 357200.0, 357200.0, 5920.0, 148.0, 13468.0, 10212.0, 357200.0, 8732.0, 2664.0, 11248.0, 5772.0, 2400.0, 60.0, 5460.0, 4140.0, 357200.0, 3540.0, 1080.0, 4560.0, 2340.0, 7120.0, 178.0, 16198.0, 12282.0, 357200.0, 10502.0, 3204.0, 13528.0, 6942.0, 6080.0, 152.0, 13832.0, 10488.0, 357200.0, 8968.0, 2736.0, 11552.0, 5928.0, 6080.0, 152.0, 13832.0, 10488.0, 357200.0, 8968.0, 2736.0, 11552.0, 5928.0, 3200.0, 80.0, 7280.0, 5520.0, 357200.0, 4720.0, 1440.0, 6080.0, 3120.0, 7440.0, 186.0, 16926.0, 12834.0, 357200.0, 10974.0, 3348.0, 14136.0, 7254.0, 4480.0, 112.0, 10192.0, 7728.0, 357200.0, 6608.0, 2016.0, 8512.0, 4368.0, 6068.0, 2460.0, 7298.0, 6232.0, 6232.0, 3280.0, 7626.0, 4592.0, 142.0, 12922.0, 9798.0, 357200.0, 8378.0, 2556.0, 5538.0, 5680.0, 10792.0, 357200.0], [0, 0, 0, 0, 0, 0, -357200.0, 357200.0, 357200.0, 357200.0, 11100.0, 12580.0, 1628.0, 8288.0, 8732.0, 357200.0, 2664.0, 8436.0, 5328.0, 4500.0, 5100.0, 660.0, 3360.0, 3540.0, 357200.0, 1080.0, 3420.0, 2160.0, 13350.0, 15130.0, 1958.0, 9968.0, 10502.0, 357200.0, 3204.0, 10146.0, 6408.0, 11400.0, 12920.0, 1672.0, 8512.0, 8968.0, 357200.0, 2736.0, 8664.0, 5472.0, 11400.0, 12920.0, 1672.0, 8512.0, 8968.0, 357200.0, 2736.0, 8664.0, 5472.0, 6000.0, 6800.0, 880.0, 4480.0, 4720.0, 357200.0, 1440.0, 4560.0, 2880.0, 13950.0, 15810.0, 2046.0, 10416.0, 10974.0, 357200.0, 3348.0, 10602.0, 6696.0, 8400.0, 9520.0, 1232.0, 6272.0, 6608.0, 357200.0, 2016.0, 6384.0, 4032.0, 888.0, 360.0, 1068.0, 912.0, 912.0, 480.0, 1116.0, 672.0, 12070.0, 1562.0, 7952.0, 8378.0, 357200.0, 2556.0, 5112.0, 10650.0, 8094.0, 357200.0], [0, 0, 0, 0, 0, 0, 0, -357200.0, 357200.0, 357200.0, 11692.0, 12432.0, 5180.0, 12728.0, 2664.0, 2664.0, 357200.0, 9028.0, 5328.0, 4740.0, 5040.0, 2100.0, 5160.0, 1080.0, 1080.0, 357200.0, 3660.0, 2160.0, 14062.0, 14952.0, 6230.0, 15308.0, 3204.0, 3204.0, 357200.0, 10858.0, 6408.0, 12008.0, 12768.0, 5320.0, 13072.0, 2736.0, 2736.0, 357200.0, 9272.0, 5472.0, 12008.0, 12768.0, 5320.0, 13072.0, 2736.0, 2736.0, 357200.0, 9272.0, 5472.0, 6320.0, 6720.0, 2800.0, 6880.0, 1440.0, 1440.0, 357200.0, 4880.0, 2880.0, 14694.0, 15624.0, 6510.0, 15996.0, 3348.0, 3348.0, 357200.0, 11346.0, 6696.0, 8848.0, 9408.0, 3920.0, 9632.0, 2016.0, 2016.0, 357200.0, 6832.0, 4032.0, 3700.0, 1500.0, 4450.0, 3800.0, 3800.0, 2000.0, 4650.0, 2800.0, 11928.0, 4970.0, 12212.0, 2556.0, 2556.0, 357200.0, 5112.0, 11218.0, 8662.0, 357200.0], [0, 0, 0, 0, 0, 0, 0, 0, -357200.0, 357200.0, 0, 1776.0, 12136.0, 6660.0, 11248.0, 8436.0, 9028.0, 357200.0, 3108.0, 0, 720.0, 4920.0, 2700.0, 4560.0, 3420.0, 3660.0, 357200.0, 1260.0, 0, 2136.0, 14596.0, 8010.0, 13528.0, 10146.0, 10858.0, 357200.0, 3738.0, 0, 1824.0, 12464.0, 6840.0, 11552.0, 8664.0, 9272.0, 357200.0, 3192.0, 0, 1824.0, 12464.0, 6840.0, 11552.0, 8664.0, 9272.0, 357200.0, 3192.0, 0, 960.0, 6560.0, 3600.0, 6080.0, 4560.0, 4880.0, 357200.0, 1680.0, 0, 2232.0, 15252.0, 8370.0, 14136.0, 10602.0, 11346.0, 357200.0, 3906.0, 0, 1344.0, 9184.0, 5040.0, 8512.0, 6384.0, 6832.0, 357200.0, 2352.0, 1480.0, 600.0, 1780.0, 1520.0, 1520.0, 800.0, 1860.0, 1120.0, 1704.0, 11644.0, 6390.0, 10792.0, 8094.0, 8662.0, 2982.0, 0, 357200.0, 357200.0], [0, 0, 0, 0, 0, 0, 0, 0, 0, -357200.0, 13172.0, 0, 3848.0, 13468.0, 5772.0, 5328.0, 5328.0, 3108.0, 357200.0, 5340.0, 0, 1560.0, 5460.0, 2340.0, 2160.0, 2160.0, 1260.0, 357200.0, 15842.0, 0, 4628.0, 16198.0, 6942.0, 6408.0, 6408.0, 3738.0, 357200.0, 13528.0, 0, 3952.0, 13832.0, 5928.0, 5472.0, 5472.0, 3192.0, 357200.0, 13528.0, 0, 3952.0, 13832.0, 5928.0, 5472.0, 5472.0, 3192.0, 357200.0, 7120.0, 0, 2080.0, 7280.0, 3120.0, 2880.0, 2880.0, 1680.0, 357200.0, 16554.0, 0, 4836.0, 16926.0, 7254.0, 6696.0, 6696.0, 3906.0, 357200.0, 9968.0, 0, 2912.0, 10192.0, 4368.0, 4032.0, 4032.0, 2352.0, 357200.0, 592.0, 240.0, 712.0, 608.0, 608.0, 320.0, 744.0, 448.0, 0, 3692.0, 12922.0, 5538.0, 5112.0, 5112.0, 357200.0, 12638.0, 2982.0, 357200.0], [0, 0, 0, 0, 0, 0, 0, 0, 0, 0, -357200.0, 357200.0, 357200.0, 357200.0, 357200.0, 357200.0, 357200.0, 357200.0, 357200.0, 357200.0, 126.0, 12.0, 88.0, 80.0, 150.0, 158.0, 0, 178.0, 357200.0, 6300.0, 600.0, 4400.0, 4000.0, 7500.0, 7900.0, 0, 8900.0, 357200.0, 504.0, 48.0, 352.0, 320.0, 600.0, 632.0, 0, 712.0, 357200.0, 4536.0, 432.0, 3168.0, 2880.0, 5400.0, 5688.0, 0, 6408.0, 357200.0, 3402.0, 324.0, 2376.0, 2160.0, 4050.0, 4266.0, 0, 4806.0, 357200.0, 10710.0, 1020.0, 7480.0, 6800.0, 12750.0, 13430.0, 0, 15130.0, 357200.0, 252.0, 24.0, 176.0, 160.0, 300.0, 316.0, 0, 356.0, 357200.0, 42.0, 2100.0, 168.0, 1512.0, 1134.0, 3570.0, 84.0, 1386.0, 132.0, 968.0, 880.0, 1650.0, 1738.0, 1958.0, 357200.0, 0, 3108.0], [0, 0, 0, 0, 0, 0, 0, 0, 0, 0, 0, -357200.0, 357200.0, 357200.0, 357200.0, 357200.0, 357200.0, 357200.0, 357200.0, 126.0, 357200.0, 70.0, 18.0, 2.0, 170.0, 168.0, 24.0, 0, 6300.0, 357200.0, 3500.0, 900.0, 100.0, 8500.0, 8400.0, 1200.0, 0, 504.0, 357200.0, 280.0, 72.0, 8.0, 680.0, 672.0, 96.0, 0, 4536.0, 357200.0, 2520.0, 648.0, 72.0, 6120.0, 6048.0, 864.0, 0, 3402.0, 357200.0, 1890.0, 486.0, 54.0, 4590.0, 4536.0, 648.0, 0, 10710.0, 357200.0, 5950.0, 1530.0, 170.0, 14450.0, 14280.0, 2040.0, 0, 252.0, 357200.0, 140.0, 36.0, 4.0, 340.0, 336.0, 48.0, 0, 357200.0, 190.0, 9500.0, 760.0, 6840.0, 5130.0, 16150.0, 380.0, 357200.0, 770.0, 198.0, 22.0, 1870.0, 1848.0, 0, 1386.0, 264.0, 14060.0], [0, 0, 0, 0, 0, 0, 0, 0, 0, 0, 0, 0, -357200.0, 357200.0, 357200.0, 357200.0, 357200.0, 357200.0, 357200.0, 12.0, 70.0, 357200.0, 52.0, 182.0, 22.0, 70.0, 164.0, 52.0, 600.0, 3500.0, 357200.0, 2600.0, 9100.0, 1100.0, 3500.0, 8200.0, 2600.0, 48.0, 280.0, 357200.0, 208.0, 728.0, 88.0, 280.0, 656.0, 208.0, 432.0, 2520.0, 357200.0, 1872.0, 6552.0, 792.0, 2520.0, 5904.0, 1872.0, 324.0, 1890.0, 357200.0, 1404.0, 4914.0, 594.0, 1890.0, 4428.0, 1404.0, 1020.0, 5950.0, 357200.0, 4420.0, 15470.0, 1870.0, 5950.0, 13940.0, 4420.0, 24.0, 140.0, 357200.0, 104.0, 364.0, 44.0, 140.0, 328.0, 104.0, 357200.0, 164.0, 8200.0, 656.0, 5904.0, 4428.0, 13940.0, 328.0, 770.0, 357200.0, 572.0, 2002.0, 242.0, 770.0, 572.0, 132.0, 1804.0, 12136.0], [0, 0, 0, 0, 0, 0, 0, 0, 0, 0, 0, 0, 0, -357200.0, 357200.0, 357200.0, 357200.0, 357200.0, 357200.0, 88.0, 18.0, 52.0, 357200.0, 138.0, 112.0, 172.0, 90.0, 182.0, 4400.0, 900.0, 2600.0, 357200.0, 6900.0, 5600.0, 8600.0, 4500.0, 9100.0, 352.0, 72.0, 208.0, 357200.0, 552.0, 448.0, 688.0, 360.0, 728.0, 3168.0, 648.0, 1872.0, 357200.0, 4968.0, 4032.0, 6192.0, 3240.0, 6552.0, 2376.0, 486.0, 1404.0, 357200.0, 3726.0, 3024.0, 4644.0, 2430.0, 4914.0, 7480.0, 1530.0, 4420.0, 357200.0, 11730.0, 9520.0, 14620.0, 7650.0, 15470.0, 176.0, 36.0, 104.0, 357200.0, 276.0, 224.0, 344.0, 180.0, 364.0, 357200.0, 112.0, 5600.0, 448.0, 4032.0, 3024.0, 9520.0, 224.0, 198.0, 572.0, 357200.0, 1518.0, 1232.0, 1892.0, 2002.0, 968.0, 990.0, 8288.0], [0, 0, 0, 0, 0, 0, 0, 0, 0, 0, 0, 0, 0, 0, -357200.0, 357200.0, 357200.0, 357200.0, 357200.0, 80.0, 2.0, 182.0, 138.0, 357200.0, 118.0, 36.0, 152.0, 78.0, 4000.0, 100.0, 9100.0, 6900.0, 357200.0, 5900.0, 1800.0, 7600.0, 3900.0, 320.0, 8.0, 728.0, 552.0, 357200.0, 472.0, 144.0, 608.0, 312.0, 2880.0, 72.0, 6552.0, 4968.0, 357200.0, 4248.0, 1296.0, 5472.0, 2808.0, 2160.0, 54.0, 4914.0, 3726.0, 357200.0, 3186.0, 972.0, 4104.0, 2106.0, 6800.0, 170.0, 15470.0, 11730.0, 357200.0, 10030.0, 3060.0, 12920.0, 6630.0, 160.0, 4.0, 364.0, 276.0, 357200.0, 236.0, 72.0, 304.0, 156.0, 357200.0, 82.0, 4100.0, 328.0, 2952.0, 2214.0, 6970.0, 164.0, 22.0, 2002.0, 1518.0, 357200.0, 1298.0, 396.0, 858.0, 880.0, 1672.0, 6068.0], [0, 0, 0, 0, 0, 0, 0, 0, 0, 0, 0, 0, 0, 0, 0, -357200.0, 357200.0, 357200.0, 357200.0, 150.0, 170.0, 22.0, 112.0, 118.0, 357200.0, 36.0, 114.0, 72.0, 7500.0, 8500.0, 1100.0, 5600.0, 5900.0, 357200.0, 1800.0, 5700.0, 3600.0, 600.0, 680.0, 88.0, 448.0, 472.0, 357200.0, 144.0, 456.0, 288.0, 5400.0, 6120.0, 792.0, 4032.0, 4248.0, 357200.0, 1296.0, 4104.0, 2592.0, 4050.0, 4590.0, 594.0, 3024.0, 3186.0, 357200.0, 972.0, 3078.0, 1944.0, 12750.0, 14450.0, 1870.0, 9520.0, 10030.0, 357200.0, 3060.0, 9690.0, 6120.0, 300.0, 340.0, 44.0, 224.0, 236.0, 357200.0, 72.0, 228.0, 144.0, 357200.0, 12.0, 600.0, 48.0, 432.0, 324.0, 1020.0, 24.0, 1870.0, 242.0, 1232.0, 1298.0, 357200.0, 396.0, 792.0, 1650.0, 1254.0, 888.0], [0, 0, 0, 0, 0, 0, 0, 0, 0, 0, 0, 0, 0, 0, 0, 0, -357200.0, 357200.0, 357200.0, 158.0, 168.0, 70.0, 172.0, 36.0, 36.0, 357200.0, 122.0, 72.0, 7900.0, 8400.0, 3500.0, 8600.0, 1800.0, 1800.0, 357200.0, 6100.0, 3600.0, 632.0, 672.0, 280.0, 688.0, 144.0, 144.0, 357200.0, 488.0, 288.0, 5688.0, 6048.0, 2520.0, 6192.0, 1296.0, 1296.0, 357200.0, 4392.0, 2592.0, 4266.0, 4536.0, 1890.0, 4644.0, 972.0, 972.0, 357200.0, 3294.0, 1944.0, 13430.0, 14280.0, 5950.0, 14620.0, 3060.0, 3060.0, 357200.0, 10370.0, 6120.0, 316.0, 336.0, 140.0, 344.0, 72.0, 72.0, 357200.0, 244.0, 144.0, 357200.0, 50.0, 2500.0, 200.0, 1800.0, 1350.0, 4250.0, 100.0, 1848.0, 770.0, 1892.0, 396.0, 396.0, 357200.0, 792.0, 1738.0, 1342.0, 3700.0], [0, 0, 0, 0, 0, 0, 0, 0, 0, 0, 0, 0, 0, 0, 0, 0, 0, -357200.0, 357200.0, 0, 24.0, 164.0, 90.0, 152.0, 114.0, 122.0, 357200.0, 42.0, 0, 1200.0, 8200.0, 4500.0, 7600.0, 5700.0, 6100.0, 357200.0, 2100.0, 0, 96.0, 656.0, 360.0, 608.0, 456.0, 488.0, 357200.0, 168.0, 0, 864.0, 5904.0, 3240.0, 5472.0, 4104.0, 4392.0, 357200.0, 1512.0, 0, 648.0, 4428.0, 2430.0, 4104.0, 3078.0, 3294.0, 357200.0, 1134.0, 0, 2040.0, 13940.0, 7650.0, 12920.0, 9690.0, 10370.0, 357200.0, 3570.0, 0, 48.0, 328.0, 180.0, 304.0, 228.0, 244.0, 357200.0, 84.0, 357200.0, 20.0, 1000.0, 80.0, 720.0, 540.0, 1700.0, 40.0, 264.0, 1804.0, 990.0, 1672.0, 1254.0, 1342.0, 462.0, 0, 357200.0, 1480.0], [0, 0, 0, 0, 0, 0, 0, 0, 0, 0, 0, 0, 0, 0, 0, 0, 0, 0, -357200.0, 178.0, 0, 52.0, 182.0, 78.0, 72.0, 72.0, 42.0, 357200.0, 8900.0, 0, 2600.0, 9100.0, 3900.0, 3600.0, 3600.0, 2100.0, 357200.0, 712.0, 0, 208.0, 728.0, 312.0, 288.0, 288.0, 168.0, 357200.0, 6408.0, 0, 1872.0, 6552.0, 2808.0, 2592.0, 2592.0, 1512.0, 357200.0, 4806.0, 0, 1404.0, 4914.0, 2106.0, 1944.0, 1944.0, 1134.0, 357200.0, 15130.0, 0, 4420.0, 15470.0, 6630.0, 6120.0, 6120.0, 3570.0, 357200.0, 356.0, 0, 104.0, 364.0, 156.0, 144.0, 144.0, 84.0, 357200.0, 357200.0, 8.0, 400.0, 32.0, 288.0, 216.0, 680.0, 16.0, 0, 572.0, 2002.0, 858.0, 792.0, 792.0, 357200.0, 1958.0, 462.0, 592.0], [0, 0, 0, 0, 0, 0, 0, 0, 0, 0, 0, 0, 0, 0, 0, 0, 0, 0, 0, -357200.0, 357200.0, 357200.0, 357200.0, 357200.0, 357200.0, 357200.0, 357200.0, 357200.0, 357200.0, 126.0, 12.0, 88.0, 80.0, 150.0, 158.0, 0, 178.0, 357200.0, 1890.0, 180.0, 1320.0, 1200.0, 2250.0, 2370.0, 0, 2670.0, 357200.0, 1386.0, 132.0, 968.0, 880.0, 1650.0, 1738.0, 0, 1958.0, 357200.0, 4410.0, 420.0, 3080.0, 2800.0, 5250.0, 5530.0, 0, 6230.0, 357200.0, 1386.0, 132.0, 968.0, 880.0, 1650.0, 1738.0, 0, 1958.0, 357200.0, 2520.0, 240.0, 1760.0, 1600.0, 3000.0, 3160.0, 0, 3560.0, 42.0, 357200.0, 42.0, 630.0, 462.0, 1470.0, 462.0, 840.0, 3654.0, 348.0, 2552.0, 2320.0, 4350.0, 4582.0, 5162.0, 357200.0, 0, 1260.0], [0, 0, 0, 0, 0, 0, 0, 0, 0, 0, 0, 0, 0, 0, 0, 0, 0, 0, 0, 0, -357200.0, 357200.0, 357200.0, 357200.0, 357200.0, 357200.0, 357200.0, 357200.0, 126.0, 357200.0, 70.0, 18.0, 2.0, 170.0, 168.0, 24.0, 0, 1890.0, 357200.0, 1050.0, 270.0, 30.0, 2550.0, 2520.0, 360.0, 0, 1386.0, 357200.0, 770.0, 198.0, 22.0, 1870.0, 1848.0, 264.0, 0, 4410.0, 357200.0, 2450.0, 630.0, 70.0, 5950.0, 5880.0, 840.0, 0, 1386.0, 357200.0, 770.0, 198.0, 22.0, 1870.0, 1848.0, 264.0, 0, 2520.0, 357200.0, 1400.0, 360.0, 40.0, 3400.0, 3360.0, 480.0, 0, 190.0, 357200.0, 190.0, 2850.0, 2090.0, 6650.0, 2090.0, 3800.0, 357200.0, 2030.0, 522.0, 58.0, 4930.0, 4872.0, 0, 3654.0, 696.0, 5700.0], [0, 0, 0, 0, 0, 0, 0, 0, 0, 0, 0, 0, 0, 0, 0, 0, 0, 0, 0, 0, 0, -357200.0, 357200.0, 357200.0, 357200.0, 357200.0, 357200.0, 357200.0, 12.0, 70.0, 357200.0, 52.0, 182.0, 22.0, 70.0, 164.0, 52.0, 180.0, 1050.0, 357200.0, 780.0, 2730.0, 330.0, 1050.0, 2460.0, 780.0, 132.0, 770.0, 357200.0, 572.0, 2002.0, 242.0, 770.0, 1804.0, 572.0, 420.0, 2450.0, 357200.0, 1820.0, 6370.0, 770.0, 2450.0, 5740.0, 1820.0, 132.0, 770.0, 357200.0, 572.0, 2002.0, 242.0, 770.0, 1804.0, 572.0, 240.0, 1400.0, 357200.0, 1040.0, 3640.0, 440.0, 1400.0, 3280.0, 1040.0, 164.0, 357200.0, 164.0, 2460.0, 1804.0, 5740.0, 1804.0, 3280.0, 2030.0, 357200.0, 1508.0, 5278.0, 638.0, 2030.0, 1508.0, 348.0, 4756.0, 4920.0], [0, 0, 0, 0, 0, 0, 0, 0, 0, 0, 0, 0, 0, 0, 0, 0, 0, 0, 0, 0, 0, 0, -357200.0, 357200.0, 357200.0, 357200.0, 357200.0, 357200.0, 88.0, 18.0, 52.0, 357200.0, 138.0, 112.0, 172.0, 90.0, 182.0, 1320.0, 270.0, 780.0, 357200.0, 2070.0, 1680.0, 2580.0, 1350.0, 2730.0, 968.0, 198.0, 572.0, 357200.0, 1518.0, 1232.0, 1892.0, 990.0, 2002.0, 3080.0, 630.0, 1820.0, 357200.0, 4830.0, 3920.0, 6020.0, 3150.0, 6370.0, 968.0, 198.0, 572.0, 357200.0, 1518.0, 1232.0, 1892.0, 990.0, 2002.0, 1760.0, 360.0, 1040.0, 357200.0, 2760.0, 2240.0, 3440.0, 1800.0, 3640.0, 112.0, 357200.0, 112.0, 1680.0, 1232.0, 3920.0, 1232.0, 2240.0, 522.0, 1508.0, 357200.0, 4002.0, 3248.0, 4988.0, 5278.0, 2552.0, 2610.0, 3360.0], [0, 0, 0, 0, 0, 0, 0, 0, 0, 0, 0, 0, 0, 0, 0, 0, 0, 0, 0, 0, 0, 0, 0, -357200.0, 357200.0, 357200.0, 357200.0, 357200.0, 80.0, 2.0, 182.0, 138.0, 357200.0, 118.0, 36.0, 152.0, 78.0, 1200.0, 30.0, 2730.0, 2070.0, 357200.0, 1770.0, 540.0, 2280.0, 1170.0, 880.0, 22.0, 2002.0, 1518.0, 357200.0, 1298.0, 396.0, 1672.0, 858.0, 2800.0, 70.0, 6370.0, 4830.0, 357200.0, 4130.0, 1260.0, 5320.0, 2730.0, 880.0, 22.0, 2002.0, 1518.0, 357200.0, 1298.0, 396.0, 1672.0, 858.0, 1600.0, 40.0, 3640.0, 2760.0, 357200.0, 2360.0, 720.0, 3040.0, 1560.0, 82.0, 357200.0, 82.0, 1230.0, 902.0, 2870.0, 902.0, 1640.0, 58.0, 5278.0, 4002.0, 357200.0, 3422.0, 1044.0, 2262.0, 2320.0, 4408.0, 2460.0], [0, 0, 0, 0, 0, 0, 0, 0, 0, 0, 0, 0, 0, 0, 0, 0, 0, 0, 0, 0, 0, 0, 0, 0, -357200.0, 357200.0, 357200.0, 357200.0, 150.0, 170.0, 22.0, 112.0, 118.0, 357200.0, 36.0, 114.0, 72.0, 2250.0, 2550.0, 330.0, 1680.0, 1770.0, 357200.0, 540.0, 1710.0, 1080.0, 1650.0, 1870.0, 242.0, 1232.0, 1298.0, 357200.0, 396.0, 1254.0, 792.0, 5250.0, 5950.0, 770.0, 3920.0, 4130.0, 357200.0, 1260.0, 3990.0, 2520.0, 1650.0, 1870.0, 242.0, 1232.0, 1298.0, 357200.0, 396.0, 1254.0, 792.0, 3000.0, 3400.0, 440.0, 2240.0, 2360.0, 357200.0, 720.0, 2280.0, 1440.0, 12.0, 357200.0, 12.0, 180.0, 132.0, 420.0, 132.0, 240.0, 4930.0, 638.0, 3248.0, 3422.0, 357200.0, 1044.0, 2088.0, 4350.0, 3306.0, 360.0], [0, 0, 0, 0, 0, 0, 0, 0, 0, 0, 0, 0, 0, 0, 0, 0, 0, 0, 0, 0, 0, 0, 0, 0, 0, -357200.0, 357200.0, 357200.0, 158.0, 168.0, 70.0, 172.0, 36.0, 36.0, 357200.0, 122.0, 72.0, 2370.0, 2520.0, 1050.0, 2580.0, 540.0, 540.0, 357200.0, 1830.0, 1080.0, 1738.0, 1848.0, 770.0, 1892.0, 396.0, 396.0, 357200.0, 1342.0, 792.0, 5530.0, 5880.0, 2450.0, 6020.0, 1260.0, 1260.0, 357200.0, 4270.0, 2520.0, 1738.0, 1848.0, 770.0, 1892.0, 396.0, 396.0, 357200.0, 1342.0, 792.0, 3160.0, 3360.0, 1400.0, 3440.0, 720.0, 720.0, 357200.0, 2440.0, 1440.0, 50.0, 357200.0, 50.0, 750.0, 550.0, 1750.0, 550.0, 1000.0, 4872.0, 2030.0, 4988.0, 1044.0, 1044.0, 357200.0, 2088.0, 4582.0, 3538.0, 1500.0], [0, 0, 0, 0, 0, 0, 0, 0, 0, 0, 0, 0, 0, 0, 0, 0, 0, 0, 0, 0, 0, 0, 0, 0, 0, 0, -357200.0, 357200.0, 0, 24.0, 164.0, 90.0, 152.0, 114.0, 122.0, 357200.0, 42.0, 0, 360.0, 2460.0, 1350.0, 2280.0, 1710.0, 1830.0, 357200.0, 630.0, 0, 264.0, 1804.0, 990.0, 1672.0, 1254.0, 1342.0, 357200.0, 462.0, 0, 840.0, 5740.0, 3150.0, 5320.0, 3990.0, 4270.0, 357200.0, 1470.0, 0, 264.0, 1804.0, 990.0, 1672.0, 1254.0, 1342.0, 357200.0, 462.0, 0, 480.0, 3280.0, 1800.0, 3040.0, 2280.0, 2440.0, 357200.0, 840.0, 20.0, 357200.0, 20.0, 300.0, 220.0, 700.0, 220.0, 400.0, 696.0, 4756.0, 2610.0, 4408.0, 3306.0, 3538.0, 1218.0, 0, 357200.0, 600.0], [0, 0, 0, 0, 0, 0, 0, 0, 0, 0, 0, 0, 0, 0, 0, 0, 0, 0, 0, 0, 0, 0, 0, 0, 0, 0, 0, -357200.0, 178.0, 0, 52.0, 182.0, 78.0, 72.0, 72.0, 42.0, 357200.0, 2670.0, 0, 780.0, 2730.0, 1170.0, 1080.0, 1080.0, 630.0, 357200.0, 1958.0, 0, 572.0, 2002.0, 858.0, 792.0, 792.0, 462.0, 357200.0, 6230.0, 0, 1820.0, 6370.0, 2730.0, 2520.0, 2520.0, 1470.0, 357200.0, 1958.0, 0, 572.0, 2002.0, 858.0, 792.0, 792.0, 462.0, 357200.0, 3560.0, 0, 1040.0, 3640.0, 1560.0, 1440.0, 1440.0, 840.0, 357200.0, 8.0, 357200.0, 8.0, 120.0, 88.0, 280.0, 88.0, 160.0, 0, 1508.0, 5278.0, 2262.0, 2088.0, 2088.0, 357200.0, 5162.0, 1218.0, 240.0], [0, 0, 0, 0, 0, 0, 0, 0, 0, 0, 0, 0, 0, 0, 0, 0, 0, 0, 0, 0, 0, 0, 0, 0, 0, 0, 0, 0, -357200.0, 357200.0, 357200.0, 357200.0, 357200.0, 357200.0, 357200.0, 357200.0, 357200.0, 357200.0, 2646.0, 252.0, 1848.0, 1680.0, 3150.0, 3318.0, 0, 3738.0, 357200.0, 7686.0, 732.0, 5368.0, 4880.0, 9150.0, 9638.0, 0, 10858.0, 357200.0, 10080.0, 960.0, 7040.0, 6400.0, 12000.0, 12640.0, 0, 14240.0, 357200.0, 7308.0, 696.0, 5104.0, 4640.0, 8700.0, 9164.0, 0, 10324.0, 357200.0, 2646.0, 252.0, 1848.0, 1680.0, 3150.0, 3318.0, 0, 3738.0, 2100.0, 42.0, 357200.0, 882.0, 2562.0, 3360.0, 2436.0, 882.0, 10332.0, 984.0, 7216.0, 6560.0, 12300.0, 12956.0, 14596.0, 357200.0, 0, 3738.0], [0, 0, 0, 0, 0, 0, 0, 0, 0, 0, 0, 0, 0, 0, 0, 0, 0, 0, 0, 0, 0, 0, 0, 0, 0, 0, 0, 0, 0, -357200.0, 357200.0, 357200.0, 357200.0, 357200.0, 357200.0, 357200.0, 357200.0, 2646.0, 357200.0, 1470.0, 378.0, 42.0, 3570.0, 3528.0, 504.0, 0, 7686.0, 357200.0, 4270.0, 1098.0, 122.0, 10370.0, 10248.0, 1464.0, 0, 10080.0, 357200.0, 5600.0, 1440.0, 160.0, 13600.0, 13440.0, 1920.0, 0, 7308.0, 357200.0, 4060.0, 1044.0, 116.0, 9860.0, 9744.0, 1392.0, 0, 2646.0, 357200.0, 1470.0, 378.0, 42.0, 3570.0, 3528.0, 504.0, 0, 9500.0, 190.0, 357200.0, 3990.0, 11590.0, 15200.0, 11020.0, 3990.0, 357200.0, 5740.0, 1476.0, 164.0, 13940.0, 13776.0, 0, 10332.0, 1968.0, 16910.0], [0, 0, 0, 0, 0, 0, 0, 0, 0, 0, 0, 0, 0, 0, 0, 0, 0, 0, 0, 0, 0, 0, 0, 0, 0, 0, 0, 0, 0, 0, -357200.0, 357200.0, 357200.0, 357200.0, 357200.0, 357200.0, 357200.0, 252.0, 1470.0, 357200.0, 1092.0, 3822.0, 462.0, 1470.0, 3444.0, 1092.0, 732.0, 4270.0, 357200.0, 3172.0, 11102.0, 1342.0, 4270.0, 10004.0, 3172.0, 960.0, 5600.0, 357200.0, 4160.0, 14560.0, 1760.0, 5600.0, 13120.0, 4160.0, 696.0, 4060.0, 357200.0, 3016.0, 10556.0, 1276.0, 4060.0, 9512.0, 3016.0, 252.0, 1470.0, 357200.0, 1092.0, 3822.0, 462.0, 1470.0, 3444.0, 1092.0, 8200.0, 164.0, 357200.0, 3444.0, 10004.0, 13120.0, 9512.0, 3444.0, 5740.0, 357200.0, 4264.0, 14924.0, 1804.0, 5740.0, 4264.0, 984.0, 13448.0, 14596.0], [0, 0, 0, 0, 0, 0, 0, 0, 0, 0, 0, 0, 0, 0, 0, 0, 0, 0, 0, 0, 0, 0, 0, 0, 0, 0, 0, 0, 0, 0, 0, -357200.0, 357200.0, 357200.0, 357200.0, 357200.0, 357200.0, 1848.0, 378.0, 1092.0, 357200.0, 2898.0, 2352.0, 3612.0, 1890.0, 3822.0, 5368.0, 1098.0, 3172.0, 357200.0, 8418.0, 6832.0, 10492.0, 5490.0, 11102.0, 7040.0, 1440.0, 4160.0, 357200.0, 11040.0, 8960.0, 13760.0, 7200.0, 14560.0, 5104.0, 1044.0, 3016.0, 357200.0, 8004.0, 6496.0, 9976.0, 5220.0, 10556.0, 1848.0, 378.0, 1092.0, 357200.0, 2898.0, 2352.0, 3612.0, 1890.0, 3822.0, 5600.0, 112.0, 357200.0, 2352.0, 6832.0, 8960.0, 6496.0, 2352.0, 1476.0, 4264.0, 357200.0, 11316.0, 9184.0, 14104.0, 14924.0, 7216.0, 7380.0, 9968.0], [0, 0, 0, 0, 0, 0, 0, 0, 0, 0, 0, 0, 0, 0, 0, 0, 0, 0, 0, 0, 0, 0, 0, 0, 0, 0, 0, 0, 0, 0, 0, 0, -357200.0, 357200.0, 357200.0, 357200.0, 357200.0, 1680.0, 42.0, 3822.0, 2898.0, 357200.0, 2478.0, 756.0, 3192.0, 1638.0, 4880.0, 122.0, 11102.0, 8418.0, 357200.0, 7198.0, 2196.0, 9272.0, 4758.0, 6400.0, 160.0, 14560.0, 11040.0, 357200.0, 9440.0, 2880.0, 12160.0, 6240.0, 4640.0, 116.0, 10556.0, 8004.0, 357200.0, 6844.0, 2088.0, 8816.0, 4524.0, 1680.0, 42.0, 3822.0, 2898.0, 357200.0, 2478.0, 756.0, 3192.0, 1638.0, 4100.0, 82.0, 357200.0, 1722.0, 5002.0, 6560.0, 4756.0, 1722.0, 164.0, 14924.0, 11316.0, 357200.0, 9676.0, 2952.0, 6396.0, 6560.0, 12464.0, 7298.0], [0, 0, 0, 0, 0, 0, 0, 0, 0, 0, 0, 0, 0, 0, 0, 0, 0, 0, 0, 0, 0, 0, 0, 0, 0, 0, 0, 0, 0, 0, 0, 0, 0, -357200.0, 357200.0, 357200.0, 357200.0, 3150.0, 3570.0, 462.0, 2352.0, 2478.0, 357200.0, 756.0, 2394.0, 1512.0, 9150.0, 10370.0, 1342.0, 6832.0, 7198.0, 357200.0, 2196.0, 6954.0, 4392.0, 12000.0, 13600.0, 1760.0, 8960.0, 9440.0, 357200.0, 2880.0, 9120.0, 5760.0, 8700.0, 9860.0, 1276.0, 6496.0, 6844.0, 357200.0, 2088.0, 6612.0, 4176.0, 3150.0, 3570.0, 462.0, 2352.0, 2478.0, 357200.0, 756.0, 2394.0, 1512.0, 600.0, 12.0, 357200.0, 252.0, 732.0, 960.0, 696.0, 252.0, 13940.0, 1804.0, 9184.0, 9676.0, 357200.0, 2952.0, 5904.0, 12300.0, 9348.0, 1068.0], [0, 0, 0, 0, 0, 0, 0, 0, 0, 0, 0, 0, 0, 0, 0, 0, 0, 0, 0, 0, 0, 0, 0, 0, 0, 0, 0, 0, 0, 0, 0, 0, 0, 0, -357200.0, 357200.0, 357200.0, 3318.0, 3528.0, 1470.0, 3612.0, 756.0, 756.0, 357200.0, 2562.0, 1512.0, 9638.0, 10248.0, 4270.0, 10492.0, 2196.0, 2196.0, 357200.0, 7442.0, 4392.0, 12640.0, 13440.0, 5600.0, 13760.0, 2880.0, 2880.0, 357200.0, 9760.0, 5760.0, 9164.0, 9744.0, 4060.0, 9976.0, 2088.0, 2088.0, 357200.0, 7076.0, 4176.0, 3318.0, 3528.0, 1470.0, 3612.0, 756.0, 756.0, 357200.0, 2562.0, 1512.0, 2500.0, 50.0, 357200.0, 1050.0, 3050.0, 4000.0, 2900.0, 1050.0, 13776.0, 5740.0, 14104.0, 2952.0, 2952.0, 357200.0, 5904.0, 12956.0, 10004.0, 4450.0], [0, 0, 0, 0, 0, 0, 0, 0, 0, 0, 0, 0, 0, 0, 0, 0, 0, 0, 0, 0, 0, 0, 0, 0, 0, 0, 0, 0, 0, 0, 0, 0, 0, 0, 0, -357200.0, 357200.0, 0, 504.0, 3444.0, 1890.0, 3192.0, 2394.0, 2562.0, 357200.0, 882.0, 0, 1464.0, 10004.0, 5490.0, 9272.0, 6954.0, 7442.0, 357200.0, 2562.0, 0, 1920.0, 13120.0, 7200.0, 12160.0, 9120.0, 9760.0, 357200.0, 3360.0, 0, 1392.0, 9512.0, 5220.0, 8816.0, 6612.0, 7076.0, 357200.0, 2436.0, 0, 504.0, 3444.0, 1890.0, 3192.0, 2394.0, 2562.0, 357200.0, 882.0, 1000.0, 20.0, 357200.0, 420.0, 1220.0, 1600.0, 1160.0, 420.0, 1968.0, 13448.0, 7380.0, 12464.0, 9348.0, 10004.0, 3444.0, 0, 357200.0, 1780.0], [0, 0, 0, 0, 0, 0, 0, 0, 0, 0, 0, 0, 0, 0, 0, 0, 0, 0, 0, 0, 0, 0, 0, 0, 0, 0, 0, 0, 0, 0, 0, 0, 0, 0, 0, 0, -357200.0, 3738.0, 0, 1092.0, 3822.0, 1638.0, 1512.0, 1512.0, 882.0, 357200.0, 10858.0, 0, 3172.0, 11102.0, 4758.0, 4392.0, 4392.0, 2562.0, 357200.0, 14240.0, 0, 4160.0, 14560.0, 6240.0, 5760.0, 5760.0, 3360.0, 357200.0, 10324.0, 0, 3016.0, 10556.0, 4524.0, 4176.0, 4176.0, 2436.0, 357200.0, 3738.0, 0, 1092.0, 3822.0, 1638.0, 1512.0, 1512.0, 882.0, 357200.0, 400.0, 8.0, 357200.0, 168.0, 488.0, 640.0, 464.0, 168.0, 0, 4264.0, 14924.0, 6396.0, 5904.0, 5904.0, 357200.0, 14596.0, 3444.0, 712.0], [0, 0, 0, 0, 0, 0, 0, 0, 0, 0, 0, 0, 0, 0, 0, 0, 0, 0, 0, 0, 0, 0, 0, 0, 0, 0, 0, 0, 0, 0, 0, 0, 0, 0, 0, 0, 0, -357200.0, 357200.0, 357200.0, 357200.0, 357200.0, 357200.0, 357200.0, 357200.0, 357200.0, 357200.0, 9576.0, 912.0, 6688.0, 6080.0, 11400.0, 12008.0, 0, 13528.0, 357200.0, 9072.0, 864.0, 6336.0, 5760.0, 10800.0, 11376.0, 0, 12816.0, 357200.0, 5544.0, 528.0, 3872.0, 3520.0, 6600.0, 6952.0, 0, 7832.0, 357200.0, 10710.0, 1020.0, 7480.0, 6800.0, 12750.0, 13430.0, 0, 15130.0, 168.0, 630.0, 882.0, 357200.0, 3192.0, 3024.0, 1848.0, 3570.0, 10332.0, 984.0, 7216.0, 6560.0, 12300.0, 12956.0, 14596.0, 357200.0, 0, 3192.0], [0, 0, 0, 0, 0, 0, 0, 0, 0, 0, 0, 0, 0, 0, 0, 0, 0, 0, 0, 0, 0, 0, 0, 0, 0, 0, 0, 0, 0, 0, 0, 0, 0, 0, 0, 0, 0, 0, -357200.0, 357200.0, 357200.0, 357200.0, 357200.0, 357200.0, 357200.0, 357200.0, 9576.0, 357200.0, 5320.0, 1368.0, 152.0, 12920.0, 12768.0, 1824.0, 0, 9072.0, 357200.0, 5040.0, 1296.0, 144.0, 12240.0, 12096.0, 1728.0, 0, 5544.0, 357200.0, 3080.0, 792.0, 88.0, 7480.0, 7392.0, 1056.0, 0, 10710.0, 357200.0, 5950.0, 1530.0, 170.0, 14450.0, 14280.0, 2040.0, 0, 760.0, 2850.0, 3990.0, 357200.0, 14440.0, 13680.0, 8360.0, 16150.0, 357200.0, 5740.0, 1476.0, 164.0, 13940.0, 13776.0, 0, 10332.0, 1968.0, 14440.0], [0, 0, 0, 0, 0, 0, 0, 0, 0, 0, 0, 0, 0, 0, 0, 0, 0, 0, 0, 0, 0, 0, 0, 0, 0, 0, 0, 0, 0, 0, 0, 0, 0, 0, 0, 0, 0, 0, 0, -357200.0, 357200.0, 357200.0, 357200.0, 357200.0, 357200.0, 357200.0, 912.0, 5320.0, 357200.0, 3952.0, 13832.0, 1672.0, 5320.0, 12464.0, 3952.0, 864.0, 5040.0, 357200.0, 3744.0, 13104.0, 1584.0, 5040.0, 11808.0, 3744.0, 528.0, 3080.0, 357200.0, 2288.0, 8008.0, 968.0, 3080.0, 7216.0, 2288.0, 1020.0, 5950.0, 357200.0, 4420.0, 15470.0, 1870.0, 5950.0, 13940.0, 4420.0, 656.0, 2460.0, 3444.0, 357200.0, 12464.0, 11808.0, 7216.0, 13940.0, 5740.0, 357200.0, 4264.0, 14924.0, 1804.0, 5740.0, 4264.0, 984.0, 13448.0, 12464.0], [0, 0, 0, 0, 0, 0, 0, 0, 0, 0, 0, 0, 0, 0, 0, 0, 0, 0, 0, 0, 0, 0, 0, 0, 0, 0, 0, 0, 0, 0, 0, 0, 0, 0, 0, 0, 0, 0, 0, 0, -357200.0, 357200.0, 357200.0, 357200.0, 357200.0, 357200.0, 6688.0, 1368.0, 3952.0, 357200.0, 10488.0, 8512.0, 13072.0, 6840.0, 13832.0, 6336.0, 1296.0, 3744.0, 357200.0, 9936.0, 8064.0, 12384.0, 6480.0, 13104.0, 3872.0, 792.0, 2288.0, 357200.0, 6072.0, 4928.0, 7568.0, 3960.0, 8008.0, 7480.0, 1530.0, 4420.0, 357200.0, 11730.0, 9520.0, 14620.0, 7650.0, 15470.0, 448.0, 1680.0, 2352.0, 357200.0, 8512.0, 8064.0, 4928.0, 9520.0, 1476.0, 4264.0, 357200.0, 11316.0, 9184.0, 14104.0, 14924.0, 7216.0, 7380.0, 8512.0], [0, 0, 0, 0, 0, 0, 0, 0, 0, 0, 0, 0, 0, 0, 0, 0, 0, 0, 0, 0, 0, 0, 0, 0, 0, 0, 0, 0, 0, 0, 0, 0, 0, 0, 0, 0, 0, 0, 0, 0, 0, -357200.0, 357200.0, 357200.0, 357200.0, 357200.0, 6080.0, 152.0, 13832.0, 10488.0, 357200.0, 8968.0, 2736.0, 11552.0, 5928.0, 5760.0, 144.0, 13104.0, 9936.0, 357200.0, 8496.0, 2592.0, 10944.0, 5616.0, 3520.0, 88.0, 8008.0, 6072.0, 357200.0, 5192.0, 1584.0, 6688.0, 3432.0, 6800.0, 170.0, 15470.0, 11730.0, 357200.0, 10030.0, 3060.0, 12920.0, 6630.0, 328.0, 1230.0, 1722.0, 357200.0, 6232.0, 5904.0, 3608.0, 6970.0, 164.0, 14924.0, 11316.0, 357200.0, 9676.0, 2952.0, 6396.0, 6560.0, 12464.0, 6232.0], [0, 0, 0, 0, 0, 0, 0, 0, 0, 0, 0, 0, 0, 0, 0, 0, 0, 0, 0, 0, 0, 0, 0, 0, 0, 0, 0, 0, 0, 0, 0, 0, 0, 0, 0, 0, 0, 0, 0, 0, 0, 0, -357200.0, 357200.0, 357200.0, 357200.0, 11400.0, 12920.0, 1672.0, 8512.0, 8968.0, 357200.0, 2736.0, 8664.0, 5472.0, 10800.0, 12240.0, 1584.0, 8064.0, 8496.0, 357200.0, 2592.0, 8208.0, 5184.0, 6600.0, 7480.0, 968.0, 4928.0, 5192.0, 357200.0, 1584.0, 5016.0, 3168.0, 12750.0, 14450.0, 1870.0, 9520.0, 10030.0, 357200.0, 3060.0, 9690.0, 6120.0, 48.0, 180.0, 252.0, 357200.0, 912.0, 864.0, 528.0, 1020.0, 13940.0, 1804.0, 9184.0, 9676.0, 357200.0, 2952.0, 5904.0, 12300.0, 9348.0, 912.0], [0, 0, 0, 0, 0, 0, 0, 0, 0, 0, 0, 0, 0, 0, 0, 0, 0, 0, 0, 0, 0, 0, 0, 0, 0, 0, 0, 0, 0, 0, 0, 0, 0, 0, 0, 0, 0, 0, 0, 0, 0, 0, 0, -357200.0, 357200.0, 357200.0, 12008.0, 12768.0, 5320.0, 13072.0, 2736.0, 2736.0, 357200.0, 9272.0, 5472.0, 11376.0, 12096.0, 5040.0, 12384.0, 2592.0, 2592.0, 357200.0, 8784.0, 5184.0, 6952.0, 7392.0, 3080.0, 7568.0, 1584.0, 1584.0, 357200.0, 5368.0, 3168.0, 13430.0, 14280.0, 5950.0, 14620.0, 3060.0, 3060.0, 357200.0, 10370.0, 6120.0, 200.0, 750.0, 1050.0, 357200.0, 3800.0, 3600.0, 2200.0, 4250.0, 13776.0, 5740.0, 14104.0, 2952.0, 2952.0, 357200.0, 5904.0, 12956.0, 10004.0, 3800.0], [0, 0, 0, 0, 0, 0, 0, 0, 0, 0, 0, 0, 0, 0, 0, 0, 0, 0, 0, 0, 0, 0, 0, 0, 0, 0, 0, 0, 0, 0, 0, 0, 0, 0, 0, 0, 0, 0, 0, 0, 0, 0, 0, 0, -357200.0, 357200.0, 0, 1824.0, 12464.0, 6840.0, 11552.0, 8664.0, 9272.0, 357200.0, 3192.0, 0, 1728.0, 11808.0, 6480.0, 10944.0, 8208.0, 8784.0, 357200.0, 3024.0, 0, 1056.0, 7216.0, 3960.0, 6688.0, 5016.0, 5368.0, 357200.0, 1848.0, 0, 2040.0, 13940.0, 7650.0, 12920.0, 9690.0, 10370.0, 357200.0, 3570.0, 80.0, 300.0, 420.0, 357200.0, 1520.0, 1440.0, 880.0, 1700.0, 1968.0, 13448.0, 7380.0, 12464.0, 9348.0, 10004.0, 3444.0, 0, 357200.0, 1520.0], [0, 0, 0, 0, 0, 0, 0, 0, 0, 0, 0, 0, 0, 0, 0, 0, 0, 0, 0, 0, 0, 0, 0, 0, 0, 0, 0, 0, 0, 0, 0, 0, 0, 0, 0, 0, 0, 0, 0, 0, 0, 0, 0, 0, 0, -357200.0, 13528.0, 0, 3952.0, 13832.0, 5928.0, 5472.0, 5472.0, 3192.0, 357200.0, 12816.0, 0, 3744.0, 13104.0, 5616.0, 5184.0, 5184.0, 3024.0, 357200.0, 7832.0, 0, 2288.0, 8008.0, 3432.0, 3168.0, 3168.0, 1848.0, 357200.0, 15130.0, 0, 4420.0, 15470.0, 6630.0, 6120.0, 6120.0, 3570.0, 357200.0, 32.0, 120.0, 168.0, 357200.0, 608.0, 576.0, 352.0, 680.0, 0, 4264.0, 14924.0, 6396.0, 5904.0, 5904.0, 357200.0, 14596.0, 3444.0, 608.0], [0, 0, 0, 0, 0, 0, 0, 0, 0, 0, 0, 0, 0, 0, 0, 0, 0, 0, 0, 0, 0, 0, 0, 0, 0, 0, 0, 0, 0, 0, 0, 0, 0, 0, 0, 0, 0, 0, 0, 0, 0, 0, 0, 0, 0, 0, -357200.0, 357200.0, 357200.0, 357200.0, 357200.0, 357200.0, 357200.0, 357200.0, 357200.0, 357200.0, 11844.0, 1128.0, 8272.0, 7520.0, 14100.0, 14852.0, 0, 16732.0, 357200.0, 11340.0, 1080.0, 7920.0, 7200.0, 13500.0, 14220.0, 0, 16020.0, 357200.0, 6426.0, 612.0, 4488.0, 4080.0, 7650.0, 8058.0, 0, 9078.0, 1512.0, 462.0, 2562.0, 3192.0, 357200.0, 3948.0, 3780.0, 2142.0, 756.0, 72.0, 528.0, 480.0, 900.0, 948.0, 1068.0, 357200.0, 0, 3192.0], [0, 0, 0, 0, 0, 0, 0, 0, 0, 0, 0, 0, 0, 0, 0, 0, 0, 0, 0, 0, 0, 0, 0, 0, 0, 0, 0, 0, 0, 0, 0, 0, 0, 0, 0, 0, 0, 0, 0, 0, 0, 0, 0, 0, 0, 0, 0, -357200.0, 357200.0, 357200.0, 357200.0, 357200.0, 357200.0, 357200.0, 357200.0, 11844.0, 357200.0, 6580.0, 1692.0, 188.0, 15980.0, 15792.0, 2256.0, 0, 11340.0, 357200.0, 6300.0, 1620.0, 180.0, 15300.0, 15120.0, 2160.0, 0, 6426.0, 357200.0, 3570.0, 918.0, 102.0, 8670.0, 8568.0, 1224.0, 0, 6840.0, 2090.0, 11590.0, 14440.0, 357200.0, 17860.0, 17100.0, 9690.0, 357200.0, 420.0, 108.0, 12.0, 1020.0, 1008.0, 0, 756.0, 144.0, 14440.0], [0, 0, 0, 0, 0, 0, 0, 0, 0, 0, 0, 0, 0, 0, 0, 0, 0, 0, 0, 0, 0, 0, 0, 0, 0, 0, 0, 0, 0, 0, 0, 0, 0, 0, 0, 0, 0, 0, 0, 0, 0, 0, 0, 0, 0, 0, 0, 0, -357200.0, 357200.0, 357200.0, 357200.0, 357200.0, 357200.0, 357200.0, 1128.0, 6580.0, 357200.0, 4888.0, 17108.0, 2068.0, 6580.0, 15416.0, 4888.0, 1080.0, 6300.0, 357200.0, 4680.0, 16380.0, 1980.0, 6300.0, 14760.0, 4680.0, 612.0, 3570.0, 357200.0, 2652.0, 9282.0, 1122.0, 3570.0, 8364.0, 2652.0, 5904.0, 1804.0, 10004.0, 12464.0, 357200.0, 15416.0, 14760.0, 8364.0, 420.0, 357200.0, 312.0, 1092.0, 132.0, 420.0, 312.0, 72.0, 984.0, 12464.0], [0, 0, 0, 0, 0, 0, 0, 0, 0, 0, 0, 0, 0, 0, 0, 0, 0, 0, 0, 0, 0, 0, 0, 0, 0, 0, 0, 0, 0, 0, 0, 0, 0, 0, 0, 0, 0, 0, 0, 0, 0, 0, 0, 0, 0, 0, 0, 0, 0, -357200.0, 357200.0, 357200.0, 357200.0, 357200.0, 357200.0, 8272.0, 1692.0, 4888.0, 357200.0, 12972.0, 10528.0, 16168.0, 8460.0, 17108.0, 7920.0, 1620.0, 4680.0, 357200.0, 12420.0, 10080.0, 15480.0, 8100.0, 16380.0, 4488.0, 918.0, 2652.0, 357200.0, 7038.0, 5712.0, 8772.0, 4590.0, 9282.0, 4032.0, 1232.0, 6832.0, 8512.0, 357200.0, 10528.0, 10080.0, 5712.0, 108.0, 312.0, 357200.0, 828.0, 672.0, 1032.0, 1092.0, 528.0, 540.0, 8512.0], [0, 0, 0, 0, 0, 0, 0, 0, 0, 0, 0, 0, 0, 0, 0, 0, 0, 0, 0, 0, 0, 0, 0, 0, 0, 0, 0, 0, 0, 0, 0, 0, 0, 0, 0, 0, 0, 0, 0, 0, 0, 0, 0, 0, 0, 0, 0, 0, 0, 0, -357200.0, 357200.0, 357200.0, 357200.0, 357200.0, 7520.0, 188.0, 17108.0, 12972.0, 357200.0, 11092.0, 3384.0, 14288.0, 7332.0, 7200.0, 180.0, 16380.0, 12420.0, 357200.0, 10620.0, 3240.0, 13680.0, 7020.0, 4080.0, 102.0, 9282.0, 7038.0, 357200.0, 6018.0, 1836.0, 7752.0, 3978.0, 2952.0, 902.0, 5002.0, 6232.0, 357200.0, 7708.0, 7380.0, 4182.0, 12.0, 1092.0, 828.0, 357200.0, 708.0, 216.0, 468.0, 480.0, 912.0, 6232.0], [0, 0, 0, 0, 0, 0, 0, 0, 0, 0, 0, 0, 0, 0, 0, 0, 0, 0, 0, 0, 0, 0, 0, 0, 0, 0, 0, 0, 0, 0, 0, 0, 0, 0, 0, 0, 0, 0, 0, 0, 0, 0, 0, 0, 0, 0, 0, 0, 0, 0, 0, -357200.0, 357200.0, 357200.0, 357200.0, 14100.0, 15980.0, 2068.0, 10528.0, 11092.0, 357200.0, 3384.0, 10716.0, 6768.0, 13500.0, 15300.0, 1980.0, 10080.0, 10620.0, 357200.0, 3240.0, 10260.0, 6480.0, 7650.0, 8670.0, 1122.0, 5712.0, 6018.0, 357200.0, 1836.0, 5814.0, 3672.0, 432.0, 132.0, 732.0, 912.0, 357200.0, 1128.0, 1080.0, 612.0, 1020.0, 132.0, 672.0, 708.0, 357200.0, 216.0, 432.0, 900.0, 684.0, 912.0], [0, 0, 0, 0, 0, 0, 0, 0, 0, 0, 0, 0, 0, 0, 0, 0, 0, 0, 0, 0, 0, 0, 0, 0, 0, 0, 0, 0, 0, 0, 0, 0, 0, 0, 0, 0, 0, 0, 0, 0, 0, 0, 0, 0, 0, 0, 0, 0, 0, 0, 0, 0, -357200.0, 357200.0, 357200.0, 14852.0, 15792.0, 6580.0, 16168.0, 3384.0, 3384.0, 357200.0, 11468.0, 6768.0, 14220.0, 15120.0, 6300.0, 15480.0, 3240.0, 3240.0, 357200.0, 10980.0, 6480.0, 8058.0, 8568.0, 3570.0, 8772.0, 1836.0, 1836.0, 357200.0, 6222.0, 3672.0, 1800.0, 550.0, 3050.0, 3800.0, 357200.0, 4700.0, 4500.0, 2550.0, 1008.0, 420.0, 1032.0, 216.0, 216.0, 357200.0, 432.0, 948.0, 732.0, 3800.0], [0, 0, 0, 0, 0, 0, 0, 0, 0, 0, 0, 0, 0, 0, 0, 0, 0, 0, 0, 0, 0, 0, 0, 0, 0, 0, 0, 0, 0, 0, 0, 0, 0, 0, 0, 0, 0, 0, 0, 0, 0, 0, 0, 0, 0, 0, 0, 0, 0, 0, 0, 0, 0, -357200.0, 357200.0, 0, 2256.0, 15416.0, 8460.0, 14288.0, 10716.0, 11468.0, 357200.0, 3948.0, 0, 2160.0, 14760.0, 8100.0, 13680.0, 10260.0, 10980.0, 357200.0, 3780.0, 0, 1224.0, 8364.0, 4590.0, 7752.0, 5814.0, 6222.0, 357200.0, 2142.0, 720.0, 220.0, 1220.0, 1520.0, 357200.0, 1880.0, 1800.0, 1020.0, 144.0, 984.0, 540.0, 912.0, 684.0, 732.0, 252.0, 0, 357200.0, 1520.0], [0, 0, 0, 0, 0, 0, 0, 0, 0, 0, 0, 0, 0, 0, 0, 0, 0, 0, 0, 0, 0, 0, 0, 0, 0, 0, 0, 0, 0, 0, 0, 0, 0, 0, 0, 0, 0, 0, 0, 0, 0, 0, 0, 0, 0, 0, 0, 0, 0, 0, 0, 0, 0, 0, -357200.0, 16732.0, 0, 4888.0, 17108.0, 7332.0, 6768.0, 6768.0, 3948.0, 357200.0, 16020.0, 0, 4680.0, 16380.0, 7020.0, 6480.0, 6480.0, 3780.0, 357200.0, 9078.0, 0, 2652.0, 9282.0, 3978.0, 3672.0, 3672.0, 2142.0, 357200.0, 288.0, 88.0, 488.0, 608.0, 357200.0, 752.0, 720.0, 408.0, 0, 312.0, 1092.0, 468.0, 432.0, 432.0, 357200.0, 1068.0, 252.0, 608.0], [0, 0, 0, 0, 0, 0, 0, 0, 0, 0, 0, 0, 0, 0, 0, 0, 0, 0, 0, 0, 0, 0, 0, 0, 0, 0, 0, 0, 0, 0, 0, 0, 0, 0, 0, 0, 0, 0, 0, 0, 0, 0, 0, 0, 0, 0, 0, 0, 0, 0, 0, 0, 0, 0, 0, -357200.0, 357200.0, 357200.0, 357200.0, 357200.0, 357200.0, 357200.0, 357200.0, 357200.0, 357200.0, 378.0, 36.0, 264.0, 240.0, 450.0, 474.0, 0, 534.0, 357200.0, 6048.0, 576.0, 4224.0, 3840.0, 7200.0, 7584.0, 0, 8544.0, 1134.0, 1470.0, 3360.0, 3024.0, 3948.0, 357200.0, 126.0, 2016.0, 8946.0, 852.0, 6248.0, 5680.0, 10650.0, 11218.0, 12638.0, 357200.0, 0, 1680.0], [0, 0, 0, 0, 0, 0, 0, 0, 0, 0, 0, 0, 0, 0, 0, 0, 0, 0, 0, 0, 0, 0, 0, 0, 0, 0, 0, 0, 0, 0, 0, 0, 0, 0, 0, 0, 0, 0, 0, 0, 0, 0, 0, 0, 0, 0, 0, 0, 0, 0, 0, 0, 0, 0, 0, 0, -357200.0, 357200.0, 357200.0, 357200.0, 357200.0, 357200.0, 357200.0, 357200.0, 378.0, 357200.0, 210.0, 54.0, 6.0, 510.0, 504.0, 72.0, 0, 6048.0, 357200.0, 3360.0, 864.0, 96.0, 8160.0, 8064.0, 1152.0, 0, 5130.0, 6650.0, 15200.0, 13680.0, 17860.0, 357200.0, 570.0, 9120.0, 357200.0, 4970.0, 1278.0, 142.0, 12070.0, 11928.0, 0, 8946.0, 1704.0, 7600.0], [0, 0, 0, 0, 0, 0, 0, 0, 0, 0, 0, 0, 0, 0, 0, 0, 0, 0, 0, 0, 0, 0, 0, 0, 0, 0, 0, 0, 0, 0, 0, 0, 0, 0, 0, 0, 0, 0, 0, 0, 0, 0, 0, 0, 0, 0, 0, 0, 0, 0, 0, 0, 0, 0, 0, 0, 0, -357200.0, 357200.0, 357200.0, 357200.0, 357200.0, 357200.0, 357200.0, 36.0, 210.0, 357200.0, 156.0, 546.0, 66.0, 210.0, 492.0, 156.0, 576.0, 3360.0, 357200.0, 2496.0, 8736.0, 1056.0, 3360.0, 7872.0, 2496.0, 4428.0, 5740.0, 13120.0, 11808.0, 15416.0, 357200.0, 492.0, 7872.0, 4970.0, 357200.0, 3692.0, 12922.0, 1562.0, 4970.0, 3692.0, 852.0, 11644.0, 6560.0], [0, 0, 0, 0, 0, 0, 0, 0, 0, 0, 0, 0, 0, 0, 0, 0, 0, 0, 0, 0, 0, 0, 0, 0, 0, 0, 0, 0, 0, 0, 0, 0, 0, 0, 0, 0, 0, 0, 0, 0, 0, 0, 0, 0, 0, 0, 0, 0, 0, 0, 0, 0, 0, 0, 0, 0, 0, 0, -357200.0, 357200.0, 357200.0, 357200.0, 357200.0, 357200.0, 264.0, 54.0, 156.0, 357200.0, 414.0, 336.0, 516.0, 270.0, 546.0, 4224.0, 864.0, 2496.0, 357200.0, 6624.0, 5376.0, 8256.0, 4320.0, 8736.0, 3024.0, 3920.0, 8960.0, 8064.0, 10528.0, 357200.0, 336.0, 5376.0, 1278.0, 3692.0, 357200.0, 9798.0, 7952.0, 12212.0, 12922.0, 6248.0, 6390.0, 4480.0], [0, 0, 0, 0, 0, 0, 0, 0, 0, 0, 0, 0, 0, 0, 0, 0, 0, 0, 0, 0, 0, 0, 0, 0, 0, 0, 0, 0, 0, 0, 0, 0, 0, 0, 0, 0, 0, 0, 0, 0, 0, 0, 0, 0, 0, 0, 0, 0, 0, 0, 0, 0, 0, 0, 0, 0, 0, 0, 0, -357200.0, 357200.0, 357200.0, 357200.0, 357200.0, 240.0, 6.0, 546.0, 414.0, 357200.0, 354.0, 108.0, 456.0, 234.0, 3840.0, 96.0, 8736.0, 6624.0, 357200.0, 5664.0, 1728.0, 7296.0, 3744.0, 2214.0, 2870.0, 6560.0, 5904.0, 7708.0, 357200.0, 246.0, 3936.0, 142.0, 12922.0, 9798.0, 357200.0, 8378.0, 2556.0, 5538.0, 5680.0, 10792.0, 3280.0], [0, 0, 0, 0, 0, 0, 0, 0, 0, 0, 0, 0, 0, 0, 0, 0, 0, 0, 0, 0, 0, 0, 0, 0, 0, 0, 0, 0, 0, 0, 0, 0, 0, 0, 0, 0, 0, 0, 0, 0, 0, 0, 0, 0, 0, 0, 0, 0, 0, 0, 0, 0, 0, 0, 0, 0, 0, 0, 0, 0, -357200.0, 357200.0, 357200.0, 357200.0, 450.0, 510.0, 66.0, 336.0, 354.0, 357200.0, 108.0, 342.0, 216.0, 7200.0, 8160.0, 1056.0, 5376.0, 5664.0, 357200.0, 1728.0, 5472.0, 3456.0, 324.0, 420.0, 960.0, 864.0, 1128.0, 357200.0, 36.0, 576.0, 12070.0, 1562.0, 7952.0, 8378.0, 357200.0, 2556.0, 5112.0, 10650.0, 8094.0, 480.0], [0, 0, 0, 0, 0, 0, 0, 0, 0, 0, 0, 0, 0, 0, 0, 0, 0, 0, 0, 0, 0